A A A A	99.4	0	40.1	51.4	0	1.6	3.4	3.5	0	0	0	100	K K K K	0.6	0	40.4	51.4	0	1.3	3.4	3.5	0	0	0	100	
A A A A	82.4	0	42	48.8	0	1.1	5.3	2.8	0	0	0	100	K K K Q	17.6	0	33.2	40.9	9.8	4.6	5.3	6.1	0.1	0	0	100	
A A A A	81.6	0	41.7	49	0	0.9	5.1	3.3	0	0	0	100	K K K J	18.4	0	31.7	41	10	5.3	5.1	6.9	0	0	0	100	
A A A A	82.6	0	39.2	52	0	1.3	4.5	2.9	0	0.1	0	100	K K K 10	17.4	0	30.8	43.9	9.4	4.5	4.6	6.7	0.1	0	0	100	
A A A A	80.9	0	42.6	49.1	0	1.1	4	3.2	0	0	0	100	K K K 9	19.1	0	32.7	41	9.2	6.2	3.8	7	0.1	0	0	100	
A A A A	83.5	0	44.7	46.9	0	1.4	4.4	2.6	0	0	0	100	K K K 8	16.5	0	36.1	39.9	9.4	3	4.1	7.3	0	0.2	0	100	
A A A A	84.7	0	42.1	48.5	0	1.7	5.2	2.5	0	0	0	100	K K K 7	15.3	0	33.2	43.4	8.8	4.4	4.9	5.3	0	0	0	100	
A A A A	82.8	0	41.8	50.4	0	1.3	4.3	2.2	0	0	0	100	K K K 6	17.2	0	33.2	43.1	9.9	3.7	4	5.7	0.3	0.1	0	100	
A A A A	82.9	0	40.6	52	0	1.1	3.2	3.1	0	0	0	100	K K K 5	17.1	0	31.6	44.3	9.5	3.6	3.2	7.7	0.1	0	0	100	
A A A A	84	0	43.8	45.9	0	1.3	5.9	3.1	0	0	0	100	K K K 4	16	0	35.9	38.4	9	3.3	5.9	7.4	0.1	0	0	100	
A A A A	86.1	0	41.3	49.8	0	1.4	3.7	3.7	0	0.1	0	100	K K K 3	13.9	0	34.9	43.1	7.7	2.4	3.8	7.9	0.2	0	0	100	
A A A A	84.8	0	43	48.5	0	1.6	4.4	2.5	0	0	0	100	K K K 2	15.2	0	36.2	41.4	9.1	1.7	4.1	7.1	0.3	0.1	0	100	
A A A A	59.2	0	40.8	51.4	0	0.6	4	3.2	0	0	0	100	K K Q Q	40.8	0	18.7	33.2	19.5	4.7	3.7	18	2	0.2	0	100	
A A A A	62.9	0	43	48.4	0	1.7	4.8	2.1	0	0	0	100	K K Q J	37.1	0	24	35.8	15.4	7.6	4.7	11.4	1.1	0	0	100	
A A A A	62.2	0	42.1	50.7	0	1.2	3.1	2.9	0	0	0	100	K K Q 10	37.8	0	23	37.9	14.5	8.4	3	11.9	1.3	0	0	100	
A A A A	62.6	0	41.8	49.8	0	1	3.9	3.5	0	0	0	100	K K Q 9	37.4	0	22.6	36.6	13.5	9.2	3.7	12.8	1.6	0	0	100	
A A A A	66.8	0	41.7	49.9	0	1.6	3.5	3.3	0	0	0	100	K K Q 8	33.2	0	23.8	39.9	16.2	5.2	3.4	10.6	0.9	0	0	100	
A A A A	65	0	41.5	50	0	1.1	4.7	2.7	0	0	0	100	K K Q 7	35	0	22.6	38.8	15.3	6.5	4.2	11.2	1.4	0	0	100	
A A A A	63.7	0	42.9	49.1	0	1.2	4.2	2.6	0	0	0	100	K K Q 6	36.3	0	23	38.1	16.3	6.5	3.9	11.3	0.9	0	0	100	
A A A A	63.9	0	42.5	49.6	0	1.4	3.2	3.3	0	0	0	100	K K Q 5	36.1	0	22.2	38.6	18	5.7	3.1	11.1	1.3	0	0	100	
A A A A	66.2	0	42.3	48.4	0	1.7	4.9	2.7	0	0	0	100	K K Q 4	33.8	0	24.5	38	13.8	7.1	4.5	11	1	0.1	0	100	
A A A A	66.3	0	43.7	47.9	0	1.3	4.2	2.9	0	0	0	100	K K Q 3	33.7	0	25.5	38.1	14.6	4.1	3.7	13.2	0.8	0	0	100	
A A A A	67.2	0	44.4	48.2	0	1.4	3.6	2.3	0	0.1	0	100	K K Q 2	32.8	0	26.5	37.4	15.7	5.6	3.7	10.2	0.9	0	0	100	
A A A A	57.7	0	41.6	50.7	0	1.6	3.7	2.4	0	0	0	100	K K J J	42.3	0	18.1	33.6	20.7	5.3	3.2	17.1	2	0	0	100	
A A A A	61.8	0	41.7	48.6	0	1.7	5.1	2.9	0	0	0	100	K K J 10	38.2	0	21.1	37.4	13.8	10.9	4.9	10.8	1.1	0	0	100	
A A A A	63.2	0	41.2	50.5	0	1.7	3.5	3.1	0	0	0	100	K K J 9	36.8	0	20.7	38.7	14.1	11.1	3.4	11.2	0.8	0	0	100	
A A A A	64.2	0	43.8	47.7	0	1.8	4.2	2.5	0	0	0	100	K K J 8	35.8	0	25.3	35.3	15.2	7.9	3.5	11.2	1.5	0.1	0	100	
A A A A	64.4	0	42.5	48.2	0	1.7	4.7	2.8	0	0.1	0	100	K K J 7	35.6	0	22.4	38.7	15.9	7.4	4.3	10.4	0.9	0	0	100	
A A A A	63.6	0	41.1	50.6	0	0.9	4.4	3	0	0	0	100	K K J 6	36.4	0	21.4	39.5	14.7	7.7	4	11.3	1.4	0	0	100	
A A A A	63.3	0	40.8	51.8	0	1.6	2.7	3.1	0	0	0	100	K K J 5	36.7	0	21.9	39.3	16.7	6.6	2.6	11.8	1.1	0	0	100	
A A A A	63.7	0	44.7	47.6	0	1.2	3.4	3.1	0	0	0	100	K K J 4	36.3	0	24.8	37.4	15.9	5.7	2.7	12.7	0.8	0	0	100	
A A A A	63.4	0	44.3	47.4	0	1.8	4.1	2.4	0	0	0	100	K K J 3	36.6	0	23.6	37.5	15.7	6.5	3.6	11.3	1.7	0.1	0	100	
A A A A	65.3	0	44.1	48.8	0	1.1	3.6	2.4	0	0	0	100	K K J 2	34.7	0	24.4	38.6	16.3	5.1	3.3	10.9	1.3	0.1	0	100	
A A A A	56.1	0	44.4	46.6	0	1.6	5	2.4	0	0	0	100	K K 10 10	43.9	0	19.4	29.2	21.8	6.5	4.4	16	2.7	0	0	100	
A A A A	60.5	0	41.7	49.3	0	1.6	4.9	2.5	0	0	0	100	K K 10 9	39.5	0	21.2	35.1	14.7	11.1	4.3	12.5	1	0.1	0	100	
A A A A	62.1	0	41.6	50.8	0	1.9	3.7	2	0	0	0	100	K K 10 8	37.9	0	22.4	37.3	14.8	10.8	3.4	10.1	1.1	0.1	0	100	
A A A A	61.4	0	42.5	47.4	0	1.3	5	3.8	0	0	0	100	K K 10 7	38.6	0	22.3	35.2	14.4	9.8	4.6	11.9	1.8	0	0	100	
A A A A	60.4	0	45.8	44.9	0	1	5	3.3	0	0	0	100	K K 10 6	39.6	0	23.4	33.3	15.7	9.8	4.8	11.6	1.4	0	0	100	
A A A A	63.8	0	44.3	47.2	0	1	4.5	3	0	0	0	100	K K 10 5	36.2	0	23.9	36.2	16.7	5.3	4.4	12.4	1.1	0	0	100	
A A A A	63.7	0	44	47.6	0	1.6	3.7	3	0	0.1	0	100	K K 10 4	36.3	0	23.8	37.7	14.2	8.2	3.4	11.4	1.2	0.1	0	100	
A A A A	67.5	0	41.8	49.1	0	1.7	4.8	2.6	0	0	0	100	K K 10 3	32.5	0	22.6	41.1	16.5	5.4	4.8	8.4	1.2	0	0	100	
A A A A	65	0	42.5	50.5	0	1.2	4.1	1.7	0	0	0	100	K K 10 2	35	0	24.7	38.8	15.6	6	3.5	10.4	1	0	0	100	
A A A A	56.9	0	43.9	47.1	0	1.8	4	3.2	0	0	0	100	K K 9 9	43.1	0	19.7	29.8	21.4	6	3.7	16.8	2.5	0.1	0	100	
A A A A	60.1	0	43.5	47.4	0	1	5	3.1	0	0	0	100	K K 9 8	39.9	0	22.7	33.5	13.3	12.1	4.8	11.6	1.9	0.1	0	100	
A A A A	59.7	0	45.2	47.1	0	0.8	4.2	2.6	0	0.1	0	100	K K 9 7	40.3	0	22.3	34.8	14.3	12.7	4	10.6	1.3	0	0	100	
A A A A	60.9	0	45	46.7	0	1.4	4.2	2.7	0	0	0	100	K K 9 6	39.1	0	22.8	35.5	14.8	11.4	3.9	10.7	0.9	0	0	100	
A A A A	63.7	0	42.5	48.3	0	1.6	3.9	3.7	0	0	0	100	K K 9 5	36.3	0	23.1	35.5	15.8	8.3	3.8	12.2	1.2	0.1	0	100	
A A A A	63	0	43.4	49.6	0	1.2	3.4	2.4	0	0	0	100	K K 9 4	37	0	23	38.8	15.6	7.4	3.1	10.7	1.4	0	0	100	
A A A A	64.5	0	44	47.4	0	1.6	4.5	2.5	0	0	0	100	K K 9 3	35.5	0	23.1	39.5	15.8	6.7	4.4	8.7	1.8	0	0	100	
A A A A	65.2	0	41.6	49.7	0	0.9	4.1	3.6	0	0	0.1	100	K K 9 2	34.8	0	23.2	37.3	15.3	6.6	3.8	12	1.8	0	0	100	
A A A A	59.8	0	43.3	48.3	0	1.5	3.3	3.5	0	0.1	0	100	K K 8 8	40.2	0	20.3	32.8	21	4.3	3	16.4	2.2	0	0	100	
A A A A	59	0	43.6	47.5	0	1.7	4.4	2.8	0	0	0	100	K K 8 7	41	0	21	34.7	15.3	12.3	4	11.5	1.1	0.1	0	100	
A A A A	60.3	0	42.2	50.2	0	1.4	4	2.2	0	0	0	100	K K 8 6	39.7	0	20.4	37.4	16.1	10.9	3.6	10.5	1	0.1	0	100	
A A A A	63.5	0	40.8	49.8	0	1.1	5.2	3.1	0	0	0	100	K K 8 5	36.5	0	21	38.6	15.7	7.1	4.6	12.2	0.8	0	0	100	
A A A A	63.6	0	44.8	45.4	0	1.9	5	2.9	0	0	0	100	K K 8 4	36.4	0	24.5	35.3	15.8	6.1	4.7	12.2	1.4	0	0	100	
A A A A	67.8	0	43.6	48.8	0	1.4	3.9	2.3	0	0	0	100	K K 8 3	32.2	0	26.8	38.2	14.7	5.2	3.7	9.7	1.7	0	0	100	
A A A A	67.2	0	42.7	48.6	0	1.5	3.6	3.6	0	0	0	100	K K 8 2	32.8	0	24.7	39.4	15.3	4.5	3.4	11.1	1.6	0	0	100	
A A A A	59.4	0	44.7	48.4	0	0.5	4.3	2.1	0	0	0	100	K K 7 7	40.6	0	20	33.1	22	3.9	4	15.5	1.4	0.1	0	100	
A A A A	59.6	0	46	46.1	0	1	4.7	2.2	0	0	0	100	K K 7 6	40.4	0	21.8	36	15.1	11.5	4.2	10	1.3	0.1	0	100	
A A A A	62.9	0	44.4	47.6	0	0.7	4	3.3	0	0	0	100	K K 7 5	37.1	0	24	36	13.8	9.7	3.7	11.4	1.4	0	0	100	
A A A A	60.9	0	46.5	44.6	0	1.8	4.2	2.9	0	0	0	100	K K 7 4	39.1	0	23.2	34.5	16.3	11.2	4.1	9.6	1.1	0	0	100	
A A A A	64.6	0	42	49.5	0	1.5	5.1	1.9	0	0	0	100	K K 7 3	35.4	0	22.7	38.8	15.7	6.6	4.4	10.7	1.1	0	0	100	
A A A A	68	0	42.5	50	0	1.7	3.7	2.1	0	0	0	100	K K 7 2	32	0	25.3	40.2	14.7	4.3	3.7	11.1	0.7	0	0	100	
A A A A	60.3	0	40	51.1	0	1.5	4.6	2.8	0	0	0	100	K K 6 6	39.7	0	19.8	33.3	19.1	3.2	4.4	17.5	2.7	0	0	100	
A A A A	60.8	0	43.7	47.6	0	1.3	4.8	2.6	0	0	0	100	K K 6 5	39.2	0	21.5	35.5	15.3	13.4	4.4	9	0.9	0	0	100	
A A A A	60.8	0	42.6	49.8	0	1.2	3.8	2.5	0	0	0.1	100	K K 6 4	39.2	0	21.9	36.1	15	9.5	3.7	12.6	1.2	0	0	100	
A A A A	59.2	0	43.9	48.1	0	1.1	4.7	2.2	0	0	0	100	K K 6 3	40.8	0	22.1	35.8	15.9	9.5	4.2	11.2	1.3	0	0	100	
A A A A	66.5	0	44.8	46.1	0	1.7	4.9	2.5	0	0	0	100	K K 6 2	33.5	0	25.5	37.8	14.4	7	4.7	9.5	1.1	0	0	100	
A A A A	61.4	0	44.5	46.8	0	1.6	4	3	0	0.1	0	100	K K 5 5	38.6	0	22.4	31.5	20	3.7	3.6	17.4	1.4	0	0	100	
A A A A	60.4	0	44.2	48.5	0	1.3	4.1	1.8	0	0.1	0	100	K K 5 4	39.6	0	21.3	35.8	17.3	10.9	3.9	9.2	1.5	0.1	0	100	
A A A A	62.8	0	46	46.7	0	1.3	3.5	2.5	0	0	0	100	K K 5 3	37.2	0	23.6	37.2	17.4	6.7	3.4	10.4	1.2	0.1	0	100	
A A A A	64.1	0	43	49.1	0	1.2	2.5	4.1	0	0	0.1	100	K K 5 2	35.9	0	23.3	39	15.5	6.3	2.3	12.1	1.5	0	0	100	
A A A A	60.5	0	44.7	46.8	0	1.6	4.3	2.6	0	0	0	100	K K 4 4	39.5	0	20.8	32.1	23.4	2.1	3.7	15.8	2.1	0	0	100	
A A A A	65.2	0	42.1	49.7	0	2.1	3.8	2.3	0	0	0	100	K K 4 3	34.8	0	23.5	37.8	15.7	7.2	3.6	10.5	1.7	0	0	100	
A A A A	63.3	0	43.3	48.3	0	2	3.8	2.6	0	0	0	100	K K 4 2	36.7	0	23.9	34.5	17.7	5.8	3.7	13	1.4	0	0	100	
A A A A	61.1	0	42	50.5	0	1.4	3	3.1	0	0	0	100	K K 3 3	38.9	0	20.3	33.9	21.1	2.5	2.7	17.2	2.3	0	0	100	
A A A A	67.1	0	43.6	48.8	0	1	3.6	3	0	0	0	100	K K 3 2	32.9	0	25.4	39.5	14	4	3.4	12.2	1.5	0	0	100	
A A A A	60.4	0	40.9	50.5	0	1.5	4.2	2.8	0	0	0.1	100	K K 2 2	39.6	0	19.2	33.5	21	2.4	3.9	17.5	2.5	0	0	100	
