Num Players: 4
Num Rounds: 5000000
Num Hands: 20000000

Hand type	# Hands	% of hands	# rounds won	% of rounds won
High	3484912	17.4246	31373	0.62746
Pair	8766308	43.8315	1206841	24.1368
TwoPair	4700226	23.5011	1689283	33.7857
Set	964064	4.82032	552073	11.0415
Straight	922992	4.61496	653440	13.0688
Flush	605839	3.0292	425775	8.5155
FullHouse	517855	2.58927	407195	8.1439
Quads	33115	0.165575	29482	0.58964
StraighFlush	4125	0.020625	3981	0.07962
RoyalFlush	564	0.00282	557	0.01114

Straight when connector	7.49501
Flush when Suited 	6.50064

Set when pair up	26.0416
Straight when three up	19.2066
Straight when four up	22.9567
Flush when three up	32.6617
Flush when four up	150.16
Full House when pair up	11.2366
Full House when set up	133.603
Full House when two pair up	66.3106
Quad when pair up	0.417455
Quad when set up	16.9198

Starting Hand	# Hands	% hands	# rounds won	% rounds won	% all rounds won	# Hands Suited	% hands Suited	# rounds won Suited	% rounds won Suited	% all rounds won
A A	90393	0.451965	57505.1	63.6168	1.1501	0	0	0	-1.#IND	0
A K	241613	1.20807	95085.9	39.3546	1.90172	60462	0.30231	25891	42.8219	0.51782
A Q	241333	1.20667	90533.8	37.5141	1.81068	60356	0.30178	24816	41.116	0.49632
A J	240502	1.20251	86674.7	36.0391	1.73349	60397	0.301985	24103	39.9076	0.48206
A 10	241909	1.20955	83702.5	34.6008	1.67405	60358	0.30179	23550	39.0172	0.471
A 9	241297	1.20649	76942.7	31.8871	1.53885	60479	0.302395	21840	36.1117	0.4368
A 8	241187	1.20594	74167.5	30.751	1.48335	60302	0.30151	21378	35.4516	0.42756
A 7	240056	1.20028	71719.2	29.876	1.43438	60068	0.30034	20814	34.6507	0.41628
A 6	240955	1.20477	68444.3	28.4054	1.36889	60479	0.302395	20194	33.3901	0.40388
A 5	241526	1.20763	69984	28.9758	1.39968	60382	0.30191	20358	33.7153	0.40716
A 4	241162	1.20581	67959.9	28.1802	1.3592	60337	0.301685	19985	33.1223	0.3997
A 3	241570	1.20785	65897.8	27.279	1.31796	60345	0.301725	19399	32.1468	0.38798
A 2	241154	1.20577	63748.5	26.4348	1.27497	60066	0.30033	18938	31.5287	0.37876
K K	90869	0.454345	52879.1	58.1926	1.05758	0	0	0	-1.#IND	0
K Q	241703	1.20852	87256	36.1005	1.74512	60652	0.30326	24153	39.8223	0.48306
K J	242039	1.21019	83331.8	34.4291	1.66664	60927	0.304635	23437	38.4673	0.46874
K 10	242593	1.21297	80511.4	33.1879	1.61023	60701	0.303505	22642	37.3009	0.45284
K 9	242020	1.2101	73735.3	30.4666	1.47471	60811	0.304055	21099	34.696	0.42198
K 8	241658	1.20829	67711.6	28.0196	1.35423	60474	0.30237	19453	32.1675	0.38906
K 7	240853	1.20426	65407.2	27.1565	1.30814	60338	0.30169	19287	31.9649	0.38574
K 6	240901	1.2045	63219.1	26.2428	1.26438	60105	0.300525	18769	31.227	0.37538
K 5	241707	1.20853	61267	25.3476	1.22534	60578	0.30289	18398	30.3708	0.36796
K 4	241171	1.20586	59544.1	24.6896	1.19088	60823	0.304115	18139	29.8226	0.36278
K 3	240631	1.20316	57677.7	23.9694	1.15355	59956	0.29978	17571	29.3065	0.35142
K 2	241520	1.2076	55890.2	23.141	1.1178	60548	0.30274	17057	28.171	0.34114
Q Q	90385	0.451925	48212.3	53.3411	0.964246	0	0	0	-1.#IND	0
Q J	241036	1.20518	80589.8	33.4348	1.6118	60416	0.30208	22423	37.1143	0.44846
Q 10	241246	1.20623	77136.6	31.9742	1.54273	60479	0.302395	21798	36.0423	0.43596
Q 9	240987	1.20493	70418.1	29.2207	1.40836	60338	0.30169	20109	33.3273	0.40218
Q 8	241571	1.20785	64689.1	26.7785	1.29378	60533	0.302665	18708	30.9055	0.37416
Q 7	241067	1.20534	59825.5	24.817	1.19651	60447	0.302235	17814	29.4704	0.35628
Q 6	241230	1.20615	58355.4	24.1908	1.16711	60271	0.301355	17630	29.2512	0.3526
Q 5	241435	1.20718	56674.1	23.4739	1.13348	60447	0.302235	17147	28.367	0.34294
Q 4	240804	1.20402	54375.6	22.5809	1.08751	60116	0.30058	16459	27.3787	0.32918
Q 3	240950	1.20475	52530.9	21.8016	1.05062	60391	0.301955	16035	26.552	0.3207
Q 2	242330	1.21165	51458.1	21.2347	1.02916	60301	0.301505	15798	26.1986	0.31596
J J	90437	0.452185	44298.6	48.9828	0.885971	0	0	0	-1.#IND	0
J 10	241701	1.20851	76281.9	31.5605	1.52564	60588	0.30294	21360	35.2545	0.4272
J 9	241134	1.20567	69012.2	28.6198	1.38024	59856	0.29928	19707	32.924	0.39414
J 8	241623	1.20811	63887.5	26.441	1.27775	60368	0.30184	18528	30.6918	0.37056
J 7	241855	1.20928	58974.9	24.3844	1.1795	60344	0.30172	17557	29.0949	0.35114
J 6	241406	1.20703	53942.7	22.3452	1.07885	60275	0.301375	16313	27.0643	0.32626
J 5	241623	1.20811	52697.5	21.8098	1.05395	60236	0.30118	16127	26.773	0.32254
J 4	241319	1.20659	50621.2	20.9769	1.01242	60647	0.303235	15703	25.8925	0.31406
J 3	241551	1.20775	48919.6	20.2523	0.978393	60386	0.30193	15177	25.1333	0.30354
J 2	241103	1.20552	47211.8	19.5816	0.944236	60126	0.30063	14779	24.58	0.29558
10 10	90585	0.452925	40899.1	45.15	0.817982	0	0	0	-1.#IND	0
10 9	241381	1.20691	68332.4	28.3089	1.36665	60211	0.301055	19447	32.2981	0.38894
10 8	241439	1.2072	63270.3	26.2055	1.26541	60626	0.30313	18744	30.9174	0.37488
10 7	240507	1.20254	57602.8	23.9506	1.15206	59810	0.29905	17018	28.4534	0.34036
10 6	241206	1.20603	52971.1	21.9609	1.05942	60247	0.301235	16189	26.871	0.32378
10 5	240719	1.2036	48756.1	20.2544	0.975121	59989	0.299945	14980	24.9712	0.2996
10 4	241023	1.20511	47805.1	19.8342	0.956102	60214	0.30107	14887	24.7235	0.29774
10 3	241136	1.20568	46097.3	19.1167	0.921946	59965	0.299825	14391	23.999	0.28782
10 2	241708	1.20854	44713	18.4988	0.89426	60480	0.3024	14183	23.4507	0.28366
9 9	90829	0.454145	37296.3	41.0621	0.745925	0	0	0	-1.#IND	0
9 8	240734	1.20367	62196.8	25.8363	1.24394	60626	0.30313	18347	30.2626	0.36694
9 7	241616	1.20808	57364.5	23.742	1.14729	59844	0.29922	16909	28.2551	0.33818
9 6	240970	1.20485	52795.1	21.9094	1.0559	60430	0.30215	16006	26.4868	0.32012
9 5	241519	1.20759	48589.5	20.1183	0.97179	60284	0.30142	14983	24.854	0.29966
9 4	240772	1.20386	44038.2	18.2904	0.880765	60154	0.30077	13869	23.0558	0.27738
9 3	240897	1.20449	43384.4	18.0095	0.867687	59993	0.299965	13795	22.9943	0.2759
9 2	241308	1.20654	41676.8	17.2712	0.833536	60126	0.30063	13240	22.0204	0.2648
8 8	90300	0.4515	34132.8	37.7993	0.682655	0	0	0	-1.#IND	0
8 7	241292	1.20646	57767.1	23.9408	1.15534	60449	0.302245	17083	28.2602	0.34166
8 6	242040	1.2102	53398.2	22.0617	1.06796	60875	0.304375	16213	26.6333	0.32426
8 5	241091	1.20545	48968.4	20.3112	0.979369	60307	0.301535	15214	25.2276	0.30428
8 4	241373	1.20686	44633	18.4913	0.89266	60387	0.301935	14121	23.3842	0.28242
8 3	241102	1.20551	40035.9	16.6054	0.800718	60330	0.30165	12720	21.084	0.2544
8 2	240816	1.20408	39397.8	16.3601	0.787957	60504	0.30252	12864	21.2614	0.25728
7 7	91127	0.455635	31256.9	34.3004	0.625139	0	0	0	-1.#IND	0
7 6	241278	1.20639	53612.9	22.2204	1.07226	60358	0.30179	16210	26.8564	0.3242
7 5	241743	1.20871	49645.6	20.5365	0.992911	60172	0.30086	15071	25.0465	0.30142
7 4	240826	1.20413	45188.1	18.7638	0.903762	60090	0.30045	14316	23.8243	0.28632
7 3	241455	1.20728	41224.2	17.0733	0.824485	60304	0.30152	13288	22.035	0.26576
7 2	242264	1.21132	36744.8	15.1673	0.734897	60772	0.30386	12209	20.0898	0.24418
6 6	90329	0.451645	28454.8	31.5012	0.569095	0	0	0	-1.#IND	0
6 5	242015	1.21008	50347.5	20.8035	1.00695	60694	0.30347	15286	25.1854	0.30572
6 4	241794	1.20897	46406.4	19.1925	0.928128	60795	0.303975	14444	23.7585	0.28888
6 3	242059	1.21029	42422.3	17.5256	0.848446	60486	0.30243	13635	22.5424	0.2727
6 2	240957	1.20478	37771.6	15.6757	0.755432	60566	0.30283	12372	20.4273	0.24744
5 5	90664	0.45332	25997.7	28.6748	0.519954	0	0	0	-1.#IND	0
5 4	240507	1.20254	47589.8	19.7873	0.951796	60285	0.301425	14510	24.069	0.2902
5 3	241153	1.20577	44211	18.3332	0.884219	60353	0.301765	13943	23.1024	0.27886
5 2	241279	1.2064	39891.8	16.5335	0.797836	60340	0.3017	12813	21.2347	0.25626
4 4	90484	0.45242	23820.1	26.3252	0.476402	0	0	0	-1.#IND	0
4 3	241119	1.2056	42086.3	17.4546	0.841726	60237	0.301185	13286	22.0562	0.26572
4 2	241566	1.20783	38304.3	15.8567	0.766086	60838	0.30419	12380	20.3491	0.2476
3 3	90233	0.451165	21855.4	24.2211	0.437109	0	0	0	-1.#IND	0
3 2	240962	1.20481	36249.4	15.0436	0.724988	60485	0.302425	11932	19.7272	0.23864
2 2	90708	0.45354	19876.3	21.9123	0.397525	0	0	0	-1.#IND	0
