A A	85.3728	73.3726	63.6168	56.0389	49.2841	43.557	38.7203	34.4978	31.0509	-1.#IND	-1.#IND	-1.#IND	-1.#IND	-1.#IND	-1.#IND	-1.#IND	-1.#IND	-1.#IND
A K	65.8911	48.9221	39.3546	33.1356	28.5649	25.1899	22.4712	19.9787	17.9874	67.9444	51.8803	42.8219	36.7931	32.4694	29.0391	26.4215	23.7855	21.9367
A Q	64.891	47.6012	37.5141	31.2195	26.6298	23.2512	20.4464	18.2371	16.3647	67.1982	50.9786	41.116	35.2546	30.5918	27.3104	24.7334	22.5896	20.6469
A J	63.9289	46.165	36.0391	29.6306	25.1237	21.8054	18.9541	16.9816	15.0779	66.0431	49.3438	39.9076	33.9803	29.5202	26.2223	23.6141	21.5718	19.6419
A 10	63.2667	44.9066	34.6008	28.24	23.9276	20.5259	18.0639	15.8928	14.3051	65.9384	48.4614	39.0172	32.3755	28.4052	25.134	22.8317	20.8218	18.9569
A 9	61.0251	42.3158	31.8871	25.4745	21.1072	17.9181	15.5651	13.6083	12.2142	63.8527	46.2953	36.1117	30.3731	25.8945	22.7859	20.4395	18.2937	17.1938
A 8	60.2448	41.277	30.751	24.5057	20.3247	17.3118	14.9367	13.1254	11.6249	63.4886	45.4047	35.4516	29.2909	25.2971	22.2566	19.8639	18.2941	16.6286
A 7	59.366	40.0612	29.876	23.5201	19.412	16.3627	14.1123	12.4317	11.0872	62.924	44.2213	34.6507	28.6802	24.5917	21.2882	19.3078	17.4896	16.2948
A 6	58.1876	38.6345	28.4054	22.3265	18.3735	15.5786	13.5794	11.9245	10.5818	61.4771	43.4802	33.3901	27.2126	23.3017	20.7105	18.8656	17.0752	15.7766
A 5	58.3049	38.7803	28.9758	23.0198	19.1319	16.4116	14.2146	12.5776	11.3038	61.8016	43.4719	33.7153	28.1261	24.4757	21.6849	19.5267	17.8916	16.5608
A 4	57.2806	38.2112	28.1802	22.264	18.4259	15.8647	13.9161	12.2467	10.9752	60.8889	42.8647	33.1223	27.6163	23.7792	21.0636	19.344	17.2678	16.108
A 3	56.1916	36.9778	27.279	21.6001	17.9999	15.4117	13.4491	11.9538	10.7079	59.613	41.8513	32.1468	26.8264	23.2064	20.4232	18.5002	17.026	15.8345
A 2	55.5062	36.1352	26.4348	20.9501	17.3216	14.8901	13.0305	11.5282	10.378	59.571	40.7692	31.5287	26.3111	22.525	20.0771	18.0178	16.7588	15.3631
K K	82.1975	68.7723	58.1926	49.9187	43.0124	37.366	32.7317	29.0263	26.1908	-1.#IND	-1.#IND	-1.#IND	-1.#IND	-1.#IND	-1.#IND	-1.#IND	-1.#IND	-1.#IND
K Q	61.9988	44.9586	36.1005	30.0154	25.8367	22.5513	19.967	17.8984	15.8806	64.5526	48.1753	39.8223	33.7862	29.8065	26.4211	23.9981	22.0013	19.9113
K J	60.9115	43.8095	34.4291	28.5837	24.3108	21.0334	18.5638	16.4927	14.7726	63.8195	47.2013	38.4673	32.7067	28.4617	25.3856	22.7297	20.7472	19.1777
K 10	60.1171	42.615	33.1879	27.1462	23.133	20.0213	17.5394	15.62	13.9677	62.9858	46.3149	37.3009	31.4808	27.3071	24.4656	22.1544	20.1271	18.7567
K 9	58.3799	40.0802	30.4666	24.4313	20.3368	17.3838	15.084	13.2125	11.7687	61.5931	43.9448	34.696	28.9079	24.7266	22.003	19.6528	17.8711	16.479
K 8	56.4444	37.8615	28.0196	22.1981	18.3236	15.4815	13.4125	11.6617	10.4027	59.4804	41.7987	32.1675	26.8013	23.1507	20.2284	18.2407	16.4257	15.1006
K 7	55.8456	36.8201	27.1565	21.5153	17.6922	14.9573	12.9558	11.3143	10.0738	59.3517	41.2382	31.9649	26.5366	22.6055	19.8881	17.968	16.2703	14.9527
K 6	54.9045	35.8988	26.2428	20.645	17.0266	14.404	12.3968	10.9352	9.65583	58.6325	40.4773	31.227	25.6736	22.0956	19.3758	17.4712	15.9535	14.6991
K 5	53.9779	34.7705	25.3476	20.0238	16.4056	13.8864	11.9841	10.5909	9.41199	57.9116	39.5475	30.3708	25.355	21.3861	19.1152	17.1626	15.6304	14.3743
K 4	53.0982	33.9912	24.6896	19.349	15.8412	13.4898	11.7206	10.2557	9.20364	57.0437	38.6374	29.8226	24.5307	20.8297	18.5501	16.8516	15.2278	14.2669
K 3	52.0186	33.0034	23.9694	18.7837	15.4654	13.1396	11.4095	10.0336	9.00394	55.9419	37.832	29.3065	24.0214	20.4395	18.3804	16.1641	14.9949	13.962
K 2	51.2489	32.0933	23.141	18.1975	15.0502	12.8053	11.172	9.85645	8.79889	55.6534	36.8334	28.171	23.182	20.0073	17.6532	15.8913	14.6127	13.4273
Q Q	79.7283	65.0531	53.3411	44.6952	37.7546	32.5704	28.3087	24.9508	22.1952	-1.#IND	-1.#IND	-1.#IND	-1.#IND	-1.#IND	-1.#IND	-1.#IND	-1.#IND	-1.#IND
Q J	58.5518	41.95	33.4348	27.6954	23.6321	20.5884	18.0926	16.1921	14.5984	61.2719	45.6776	37.1143	31.509	27.7929	24.8798	22.1604	20.5172	18.8982
Q 10	57.8058	40.9207	31.9742	26.4795	22.5188	19.4435	17.1943	15.2553	13.7805	60.9515	44.7626	36.0423	30.8222	26.6903	23.8532	21.5199	19.9566	18.1613
Q 9	55.7866	38.3984	29.2207	23.5329	19.7911	16.8026	14.6394	12.8914	11.5021	59.2357	42.3708	33.3273	28.0015	24.0222	21.2026	18.9639	17.385	16.0874
Q 8	54.2545	36.1128	26.7785	21.5243	17.8391	15.0105	12.9937	11.4863	10.1433	57.2221	40.0852	30.9055	26.3651	22.6497	19.7951	17.6506	16.1103	14.9235
Q 7	52.4581	33.9717	24.817	19.4646	16.0284	13.3494	11.565	10.108	9.00429	56.172	38.217	29.4704	24.0878	20.6595	17.9294	16.4798	14.8528	13.5836
Q 6	51.7336	33.2242	24.1908	18.9823	15.5905	13.1227	11.2178	9.83409	8.71727	55.3044	37.8578	29.2512	23.7799	20.4953	18.1815	16.1944	14.6579	13.535
Q 5	50.6143	32.1246	23.4739	18.2539	15.019	12.7162	10.9219	9.58474	8.49971	54.8187	37.0919	28.367	23.1641	20.2649	17.64	15.9133	14.5299	13.2415
Q 4	49.9045	31.4311	22.5809	17.735	14.3783	12.3273	10.4525	9.25251	8.37352	54.3236	36.3121	27.3787	22.5388	19.4993	17.0941	15.5437	14.0948	13.2102
Q 3	49.0179	30.4125	21.8016	17.1802	13.9681	11.9099	10.2513	9.03877	8.1026	53.5445	35.2006	26.552	22.1813	18.7504	16.725	15.1999	13.7748	12.9128
Q 2	47.9383	29.5717	21.2347	16.5275	13.5055	11.514	10.0768	8.84538	7.93432	52.2287	34.5932	26.1986	21.3867	18.2949	16.3719	14.8555	13.521	12.5816
J J	77.3703	61.0436	48.9828	40.2713	33.6772	28.4867	24.7731	21.7753	19.3245	-1.#IND	-1.#IND	-1.#IND	-1.#IND	-1.#IND	-1.#IND	-1.#IND	-1.#IND	-1.#IND
J 10	55.577	39.6409	31.5605	26.2147	22.3376	19.4277	17.1368	15.3541	14.045	58.4943	43.2601	35.2545	30.6037	26.6213	23.6689	21.4523	19.9081	18.4938
J 9	54.0281	37.0336	28.6198	23.2871	19.565	16.7206	14.7097	12.9551	11.6933	57.5159	40.8223	32.924	27.5206	23.9954	21.1969	19.1572	17.6172	16.2199
J 8	52.1183	34.8134	26.441	21.0744	17.5788	14.9567	12.9966	11.5786	10.2637	56.1709	38.571	30.6918	25.6343	22.0693	19.5071	17.6754	16.2176	14.9624
J 7	50.1648	32.926	24.3844	19.2935	15.7757	13.4377	11.5649	10.1938	9.04386	53.9981	37.2933	29.0949	23.9697	20.4128	18.1511	16.3017	14.9317	13.8817
J 6	48.4177	30.8139	22.3452	17.3924	14.2069	11.9167	10.2131	9.01653	7.99133	52.7068	35.6964	27.0643	22.1227	19.1374	16.5831	15.1123	13.5864	12.7204
J 5	47.836	30.0813	21.8098	16.9319	13.9377	11.6377	10.0948	8.80297	7.89841	52.7803	34.9178	26.773	21.7085	18.8847	16.4582	15.0229	13.6542	12.7089
J 4	47.0541	29.4125	20.9769	16.3548	13.397	11.3629	9.7294	8.55679	7.6235	51.1022	34.3961	25.8925	21.1075	18.4347	16.2835	14.4835	13.506	12.3263
J 3	46.1409	28.2752	20.2523	15.836	13.0367	10.9958	9.57025	8.38028	7.49242	50.1761	33.0361	25.1333	20.8024	18.0875	15.8497	14.4225	13.0075	12.0224
J 2	45.1191	27.6788	19.5816	15.4775	12.6642	10.6174	9.26175	8.18056	7.24899	49.416	32.6039	24.58	20.1677	17.6164	15.3398	13.9487	12.6413	11.7952
10 10	74.8138	57.3728	45.15	36.2949	29.922	25.2709	21.7643	19.1769	17.2649	-1.#IND	-1.#IND	-1.#IND	-1.#IND	-1.#IND	-1.#IND	-1.#IND	-1.#IND	-1.#IND
10 9	52.1823	36.1293	28.3089	23.2155	19.7609	17.0966	15.0553	13.4367	12.1781	55.3313	40.1874	32.2981	27.3483	23.8277	21.5501	19.2464	17.7105	16.475
10 8	50.3661	34.0602	26.2055	21.3034	17.7341	15.1599	13.376	11.8546	10.6734	54.1388	38.4479	30.9174	25.751	22.2184	19.7204	18.0422	16.423	15.1123
10 7	48.48	32.1695	23.9506	19.1685	15.922	13.596	11.7916	10.4575	9.39446	52.8555	36.6597	28.4534	24.0679	20.5931	18.1872	16.476	14.9542	13.9678
10 6	46.3924	30.0205	21.9609	17.4557	14.3523	12.1146	10.5192	9.31436	8.3042	50.3939	34.4935	26.871	22.308	19.0564	17.0425	15.2885	14.1632	13.0619
10 5	45.3096	27.8796	20.2544	15.8438	12.9651	10.7784	9.34888	8.27304	7.31214	49.6474	32.5396	24.9712	20.5279	17.8001	15.5346	14.1684	13.0415	12.0698
10 4	44.519	27.5882	19.8342	15.4226	12.6596	10.6523	9.21326	8.1326	7.26652	48.9857	32.7077	24.7235	20.3554	17.5792	15.4676	14.0967	12.9432	11.873
10 3	43.5979	26.5274	19.1167	14.8306	12.0517	10.2728	8.98418	7.86893	7.02677	48.3242	31.3136	23.999	19.8862	16.801	15.0107	13.7026	12.5105	11.5848
10 2	42.4165	25.634	18.4988	14.3856	11.6855	9.98393	8.66584	7.64221	6.83908	46.9588	30.4899	23.4507	19.3958	16.4953	14.7677	13.264	12.1747	11.3722
9 9	72.155	53.5368	41.0621	32.5987	26.6967	22.4392	19.5754	17.2017	15.5986	-1.#IND	-1.#IND	-1.#IND	-1.#IND	-1.#IND	-1.#IND	-1.#IND	-1.#IND	-1.#IND
9 8	48.6135	33.3753	25.8363	20.8716	17.4338	15.1132	13.1762	11.8151	10.744	52.7859	37.862	30.2626	25.0893	21.6789	19.4875	17.5388	16.1639	14.961
9 7	46.8718	31.4883	23.742	19.2219	15.8939	13.6282	11.9212	10.5856	9.61309	50.8277	35.7832	28.2551	23.6942	20.2888	18.0282	16.2026	14.9901	13.9293
9 6	45.3861	29.4174	21.9094	17.4239	14.3661	12.2104	10.641	9.44177	8.56392	49.9484	34.0167	26.4868	21.9384	18.8703	16.8139	15.1442	13.8563	12.9601
9 5	43.5457	27.5112	20.1183	15.7538	12.9112	10.9386	9.49566	8.41352	7.49189	48.3567	32.4011	24.854	20.4857	17.7075	15.7109	14.1845	13.0661	12.0841
9 4	41.5448	25.4174	18.2904	14.1494	11.473	9.72442	8.29498	7.33184	6.50845	46.4939	29.8412	23.0558	18.9309	16.0069	14.3979	12.6547	11.8219	10.8654
9 3	41.1171	24.7907	18.0095	13.9286	11.0934	9.40566	8.18271	7.24914	6.44145	46.1592	29.8873	22.9943	18.4698	15.7316	14.0695	12.7266	11.7036	10.7915
9 2	39.7641	24.0618	17.2712	13.4227	10.9104	9.19262	7.8755	7.00898	6.32757	44.7366	28.6437	22.0204	18.3056	15.6125	13.6654	12.2975	11.3059	10.5886
8 8	68.8224	49.6219	37.7993	29.4569	24.0621	20.2116	17.7327	15.8328	14.5379	-1.#IND	-1.#IND	-1.#IND	-1.#IND	-1.#IND	-1.#IND	-1.#IND	-1.#IND	-1.#IND
8 7	45.9771	30.8886	23.9408	19.1745	16.0815	13.9151	12.2738	11.0604	10.108	50.4288	35.1624	28.2602	23.4347	20.6039	18.2058	16.6545	15.2736	14.2141
8 6	43.9296	29.324	22.0617	17.6346	14.8842	12.6949	11.0866	10.0734	9.0769	48.4648	34.0752	26.6333	22.2886	19.4825	17.0544	15.3847	14.4008	13.3578
8 5	42.225	27.462	20.3112	16.0604	13.2715	11.4323	9.94316	8.86563	8.07516	46.9103	32.379	25.2276	20.5246	17.7509	16.0183	14.3429	13.2773	12.4741
8 4	40.2526	25.3226	18.4913	14.3466	11.8367	10.032	8.7505	7.72787	6.99056	45.6566	30.438	23.3842	19.147	16.6467	14.4688	13.2698	11.9613	11.2441
8 3	38.2295	23.4753	16.6054	12.9762	10.4984	8.9	7.59954	6.7115	6.03698	43.2467	28.5888	21.084	17.6846	15.171	13.4211	11.8267	10.9348	10.1057
8 2	37.7402	22.7693	16.3601	12.5669	10.222	8.59433	7.57083	6.68812	5.96131	42.9359	27.7938	21.2614	17.1078	14.8303	13.0162	11.9523	10.9578	10.0774
7 7	66.2283	46.5665	34.3004	26.8051	21.5865	18.6621	16.2979	14.8688	13.8373	-1.#IND	-1.#IND	-1.#IND	-1.#IND	-1.#IND	-1.#IND	-1.#IND	-1.#IND	-1.#IND
7 6	43.0932	29.2293	22.2204	17.9769	14.9471	13.0815	11.6237	10.5278	9.60268	47.9507	33.9836	26.8564	22.4684	19.2781	17.4781	15.993	14.7296	13.7295
7 5	41.1289	27.2094	20.5365	16.3644	13.7729	11.9248	10.5768	9.50522	8.67343	46.2625	31.9167	25.0465	20.8842	18.2511	16.2728	14.9403	13.8137	12.8585
7 4	39.458	25.4334	18.7638	14.8255	12.35	10.5738	9.27383	8.30214	7.65781	44.4346	30.2037	23.8243	19.4218	16.794	15.01	13.7154	12.5066	11.8049
7 3	37.5963	23.5758	17.0733	13.3487	11.0896	9.35994	8.21768	7.32134	6.57342	42.8731	28.5749	22.035	18.1351	15.6542	13.7593	12.6791	11.4207	10.6352
7 2	35.5649	21.4299	15.1673	11.7062	9.57942	8.14523	7.06531	6.34599	5.66015	40.7577	26.6839	20.0898	16.3783	13.7969	12.5569	11.3182	10.4812	9.63117
6 6	63.3265	43.1769	31.5012	24.4175	20.1097	17.1447	15.3395	14.0353	13.0676	-1.#IND	-1.#IND	-1.#IND	-1.#IND	-1.#IND	-1.#IND	-1.#IND	-1.#IND	-1.#IND
6 5	40.7647	27.5155	20.8035	16.8095	14.1667	12.531	11.0865	10.1167	9.32679	46.3547	32.2219	25.1854	21.2745	18.485	16.943	15.3345	14.4107	13.4742
6 4	38.6028	25.8301	19.1925	15.2294	13.0471	11.2593	10.0831	9.05549	8.32662	43.8318	30.597	23.7585	19.8392	17.5992	15.6402	14.467	13.2058	12.4423
6 3	37.0481	23.851	17.5256	13.7924	11.4181	9.90641	8.81012	7.94439	7.25946	43.153	28.3535	22.5424	18.4341	15.9745	14.2519	13.0127	12.0672	11.1642
6 2	35.1664	21.847	15.6757	12.3678	10.1725	8.67643	7.70742	6.92937	6.24668	40.5705	26.936	20.4273	16.98	14.5776	12.9124	11.8818	11.1864	10.0794
5 5	60.5424	39.6905	28.6748	22.4222	18.5668	16.1202	14.4373	13.3487	12.4484	-1.#IND	-1.#IND	-1.#IND	-1.#IND	-1.#IND	-1.#IND	-1.#IND	-1.#IND	-1.#IND
5 4	38.894	26.1407	19.7873	16.1086	13.662	11.9627	10.7375	9.77694	9.04544	44.7384	30.7772	24.069	20.7435	18.0591	16.4097	14.8837	13.8376	13.1475
5 3	37.3327	24.495	18.3332	14.6549	12.4392	10.8773	9.80543	8.9881	8.28309	42.816	29.3302	23.1024	19.0069	16.9488	15.2529	13.9005	13.0558	12.1451
5 2	35.1351	22.6579	16.5335	13.1724	10.9619	9.65597	8.56797	7.83541	7.22655	41.1197	27.6601	21.2347	17.837	15.287	13.7113	12.5228	11.9129	11.2157
4 4	57.0852	36.9693	26.3252	20.6276	17.2021	15.2893	14.1121	12.9952	12.1227	-1.#IND	-1.#IND	-1.#IND	-1.#IND	-1.#IND	-1.#IND	-1.#IND	-1.#IND	-1.#IND
4 3	36.3122	23.4833	17.4546	14.0087	11.8767	10.2714	9.26251	8.48263	7.83804	41.786	28.0757	22.0562	18.3052	16.3139	14.5216	13.2868	12.5385	11.7636
4 2	34.3019	21.7322	15.8567	12.5112	10.5365	9.34072	8.29762	7.58179	6.989	40.0706	26.6488	20.3491	16.895	14.716	13.5908	12.1811	11.473	10.8312
3 3	53.8544	33.6012	24.2211	19.2826	16.2734	14.638	13.5725	12.7892	12.0972	-1.#IND	-1.#IND	-1.#IND	-1.#IND	-1.#IND	-1.#IND	-1.#IND	-1.#IND	-1.#IND
3 2	33.2016	20.7509	15.0436	11.9147	10.022	8.73137	7.83535	7.10766	6.45233	38.4399	25.6205	19.7272	16.3003	14.0606	12.7291	11.6751	10.9328	10.0863
2 2	50.2692	30.6085	21.9123	17.6661	15.534	14.0512	13.3921	12.6032	11.9935	-1.#IND	-1.#IND	-1.#IND	-1.#IND	-1.#IND	-1.#IND	-1.#IND	-1.#IND	-1.#IND
