Num Players: 4
Num Rounds: 5000000
Num Hands: 20000000

Hand type	# Hands	% of hands	# rounds won	% of rounds won
High	3484912	17.4246	31373	0.62746
Pair	8766308	43.8315	1206841	24.1368
TwoPair	4700226	23.5011	1689283	33.7857
Set	964064	4.82032	552073	11.0415
Straight	922992	4.61496	653440	13.0688
Flush	605839	3.0292	425775	8.5155
FullHouse	517855	2.58927	407195	8.1439
Quads	33115	0.165575	29482	0.58964
StraighFlush	4125	0.020625	3981	0.07962
RoyalFlush	564	0.00282	557	0.01114

Straight when connector	7.49501
Flush when Suited 	6.50064

Set when pair up	26.0416
Straight when three up	19.2066
Straight when four up	22.9567
Flush when three up	32.6617
Flush when four up	150.16
Full House when pair up	11.2366
Full House when set up	133.603
Full House when two pair up	66.3106
Quad when pair up	0.417455
Quad when set up	16.9198

Starting Hand	# Hands	% hands	# rounds won	% rounds won	% all rounds won	# Hands Suited	% hands Suited	# rounds won Suited	% rounds won Suited	% all rounds won
A A	90393	0.451965	57505.7	63.6175	1.15011	0	0	0	-1.#IND	0
A K	241613	1.20807	95127.3	39.3718	1.90255	60462	0.30231	25892	42.8236	0.51784
A Q	241333	1.20667	90565.2	37.5271	1.8113	60356	0.30178	24819	41.121	0.49638
A J	240502	1.20251	86707.3	36.0527	1.73415	60397	0.301985	24104	39.9093	0.48208
A 10	241909	1.20955	83743.4	34.6177	1.67487	60358	0.30179	23552	39.0205	0.47104
A 9	241297	1.20649	76973.3	31.8998	1.53947	60479	0.302395	21840	36.1117	0.4368
A 8	241187	1.20594	74201.7	30.7652	1.48403	60302	0.30151	21378	35.4516	0.42756
A 7	240056	1.20028	71753.7	29.8904	1.43507	60068	0.30034	20816	34.6541	0.41632
A 6	240955	1.20477	68472.7	28.4172	1.36945	60479	0.302395	20195	33.3918	0.4039
A 5	241526	1.20763	70016.3	28.9891	1.40033	60382	0.30191	20358	33.7153	0.40716
A 4	241162	1.20581	68000.1	28.1969	1.36	60337	0.301685	19989	33.1289	0.39978
A 3	241570	1.20785	65924.5	27.29	1.31849	60345	0.301725	19402	32.1518	0.38804
A 2	241154	1.20577	63784.5	26.4497	1.27569	60066	0.30033	18941	31.5336	0.37882
K K	90869	0.454345	52867.6	58.18	1.05735	0	0	0	-1.#IND	0
K Q	241703	1.20852	87262	36.103	1.74524	60652	0.30326	24151	39.819	0.48302
K J	242039	1.21019	83349.6	34.4364	1.66699	60927	0.304635	23433	38.4608	0.46866
K 10	242593	1.21297	80520.9	33.1918	1.61042	60701	0.303505	22639	37.2959	0.45278
K 9	242020	1.2101	73741.8	30.4693	1.47484	60811	0.304055	21091	34.6829	0.42182
K 8	241658	1.20829	67724.4	28.0249	1.35449	60474	0.30237	19449	32.1609	0.38898
K 7	240853	1.20426	65423.3	27.1632	1.30847	60338	0.30169	19274	31.9434	0.38548
K 6	240901	1.2045	63226.5	26.2458	1.26453	60105	0.300525	18761	31.2137	0.37522
K 5	241707	1.20853	61277.2	25.3519	1.22554	60578	0.30289	18397	30.3691	0.36794
K 4	241171	1.20586	59554.7	24.694	1.19109	60823	0.304115	18133	29.8127	0.36266
K 3	240631	1.20316	57691.2	23.975	1.15382	59956	0.29978	17569	29.3032	0.35138
K 2	241520	1.2076	55899.8	23.145	1.118	60548	0.30274	17052	28.1628	0.34104
Q Q	90385	0.451925	48203.6	53.3314	0.964071	0	0	0	-1.#IND	0
Q J	241036	1.20518	80588.3	33.4341	1.61177	60416	0.30208	22411	37.0945	0.44822
Q 10	241246	1.20623	77140.2	31.9757	1.5428	60479	0.302395	21795	36.0373	0.4359
Q 9	240987	1.20493	70420.2	29.2216	1.4084	60338	0.30169	20099	33.3107	0.40198
Q 8	241571	1.20785	64685.4	26.777	1.29371	60533	0.302665	18698	30.8889	0.37396
Q 7	241067	1.20534	59817.9	24.8138	1.19636	60447	0.302235	17806	29.4572	0.35612
Q 6	241230	1.20615	58356	24.191	1.16712	60271	0.301355	17625	29.2429	0.3525
Q 5	241435	1.20718	56671	23.4726	1.13342	60447	0.302235	17145	28.3637	0.3429
Q 4	240804	1.20402	54370.7	22.5788	1.08741	60116	0.30058	16454	27.3704	0.32908
Q 3	240950	1.20475	52536.4	21.8039	1.05073	60391	0.301955	16034	26.5503	0.32068
Q 2	242330	1.21165	51456.3	21.234	1.02913	60301	0.301505	15796	26.1953	0.31592
J J	90437	0.452185	44285.6	48.9684	0.885711	0	0	0	-1.#IND	0
J 10	241701	1.20851	76271.4	31.5561	1.52543	60588	0.30294	21349	35.2364	0.42698
J 9	241134	1.20567	69003.9	28.6164	1.38008	59856	0.29928	19701	32.914	0.39402
J 8	241623	1.20811	63880.9	26.4382	1.27762	60368	0.30184	18515	30.6702	0.3703
J 7	241855	1.20928	58964.8	24.3802	1.1793	60344	0.30172	17547	29.0783	0.35094
J 6	241406	1.20703	53931.3	22.3405	1.07863	60275	0.301375	16301	27.0444	0.32602
J 5	241623	1.20811	52691.7	21.8074	1.05383	60236	0.30118	16116	26.7548	0.32232
J 4	241319	1.20659	50618.2	20.9756	1.01236	60647	0.303235	15698	25.8842	0.31396
J 3	241551	1.20775	48910.8	20.2486	0.978216	60386	0.30193	15169	25.1201	0.30338
J 2	241103	1.20552	47203.2	19.578	0.944064	60126	0.30063	14770	24.5651	0.2954
10 10	90585	0.452925	40886.6	45.1362	0.817732	0	0	0	-1.#IND	0
10 9	241381	1.20691	68324	28.3054	1.36648	60211	0.301055	19443	32.2914	0.38886
10 8	241439	1.2072	63261.4	26.2018	1.26523	60626	0.30313	18732	30.8976	0.37464
10 7	240507	1.20254	57591.4	23.9458	1.15183	59810	0.29905	17006	28.4334	0.34012
10 6	241206	1.20603	52962.1	21.9572	1.05924	60247	0.301235	16178	26.8528	0.32356
10 5	240719	1.2036	48747.2	20.2506	0.974943	59989	0.299945	14972	24.9579	0.29944
10 4	241023	1.20511	47796.8	19.8308	0.955935	60214	0.30107	14875	24.7036	0.2975
10 3	241136	1.20568	46088.7	19.1132	0.921775	59965	0.299825	14378	23.9773	0.28756
10 2	241708	1.20854	44703.4	18.4948	0.894068	60480	0.3024	14173	23.4342	0.28346
9 9	90829	0.454145	37278.7	41.0427	0.745573	0	0	0	-1.#IND	0
9 8	240734	1.20367	62190.8	25.8338	1.24382	60626	0.30313	18337	30.2461	0.36674
9 7	241616	1.20808	57351.2	23.7365	1.14702	59844	0.29922	16899	28.2384	0.33798
9 6	240970	1.20485	52783.7	21.9047	1.05567	60430	0.30215	16002	26.4802	0.32004
9 5	241519	1.20759	48577.5	20.1133	0.97155	60284	0.30142	14975	24.8408	0.2995
9 4	240772	1.20386	44027.7	18.2861	0.880555	60154	0.30077	13852	23.0276	0.27704
9 3	240897	1.20449	43372.5	18.0046	0.867451	59993	0.299965	13788	22.9827	0.27576
9 2	241308	1.20654	41666.4	17.2669	0.833328	60126	0.30063	13233	22.0088	0.26466
8 8	90300	0.4515	34121.5	37.7868	0.68243	0	0	0	-1.#IND	0
8 7	241292	1.20646	57756.5	23.9363	1.15513	60449	0.302245	17074	28.2453	0.34148
8 6	242040	1.2102	53385	22.0563	1.0677	60875	0.304375	16198	26.6086	0.32396
8 5	241091	1.20545	48959.5	20.3075	0.979191	60307	0.301535	15208	25.2176	0.30416
8 4	241373	1.20686	44622.2	18.4868	0.892445	60387	0.301935	14113	23.3709	0.28226
8 3	241102	1.20551	40025.4	16.601	0.800508	60330	0.30165	12710	21.0675	0.2542
8 2	240816	1.20408	39384.8	16.3547	0.787695	60504	0.30252	12853	21.2432	0.25706
7 7	91127	0.455635	31247.2	34.2897	0.624944	0	0	0	-1.#IND	0
7 6	241278	1.20639	53604.5	22.2169	1.07209	60358	0.30179	16203	26.8448	0.32406
7 5	241743	1.20871	49635.7	20.5324	0.992715	60172	0.30086	15063	25.0332	0.30126
7 4	240826	1.20413	45182.3	18.7614	0.903647	60090	0.30045	14306	23.8076	0.28612
7 3	241455	1.20728	41214.2	17.0691	0.824285	60304	0.30152	13277	22.0168	0.26554
7 2	242264	1.21132	36735	15.1632	0.7347	60772	0.30386	12197	20.0701	0.24394
6 6	90329	0.451645	28453.8	31.5001	0.569075	0	0	0	-1.#IND	0
6 5	242015	1.21008	50339.2	20.8	1.00678	60694	0.30347	15278	25.1722	0.30556
6 4	241794	1.20897	46396.3	19.1883	0.927925	60795	0.303975	14434	23.7421	0.28868
6 3	242059	1.21029	42410.4	17.5207	0.848207	60486	0.30243	13625	22.5259	0.2725
6 2	240957	1.20478	37760.7	15.6711	0.755214	60566	0.30283	12362	20.4108	0.24724
5 5	90664	0.45332	25991.4	28.6679	0.519829	0	0	0	-1.#IND	0
5 4	240507	1.20254	47579.1	19.7828	0.951581	60285	0.301425	14499	24.0508	0.28998
5 3	241153	1.20577	44202.6	18.3297	0.884051	60353	0.301765	13932	23.0842	0.27864
5 2	241279	1.2064	39881.2	16.5291	0.797625	60340	0.3017	12794	21.2032	0.25588
4 4	90484	0.45242	23815.7	26.3203	0.476313	0	0	0	-1.#IND	0
4 3	241119	1.2056	42078	17.4511	0.84156	60237	0.301185	13277	22.0413	0.26554
4 2	241566	1.20783	38294.2	15.8525	0.765885	60838	0.30419	12365	20.3245	0.2473
3 3	90233	0.451165	21857	24.2229	0.43714	0	0	0	-1.#IND	0
3 2	240962	1.20481	36240.1	15.0398	0.724802	60485	0.302425	11921	19.709	0.23842
2 2	90708	0.45354	19883.1	21.9199	0.397662	0	0	0	-1.#IND	0
