Num Players: 9
Num Rounds: 5000000
Num Hands: 45000000

Hand type	# Hands		% of hands	# rounds won	% of rounds won
High		7829313		17.3985		34		0.00068
Pair		19712407	43.8053		469895		9.3979
TwoPair		10584188	23.5204		1228226		24.5645
Set		2175977		4.8355		835551		16.711
Straight	2079463		4.62103		1002857		20.0571
Flush		1361331		3.02518		673040		13.4608
FullHouse	1170642		2.60143		714163		14.2833
Quads		76077		0.16906		66191		1.32382
StraighFlush	9501		0.0211133	8955		0.1791
RoyalFlush	1101		0.00244667	1088		0.02176

Straight when connector	7.5126
Flush when Suited 	6.49793
Set when pair up	58.5993
Straight when three up	43.2499
Straight when four up	51.7196
Flush when three up	73.4044
Flush when four up	337.452
Full House when pair up	25.2614
Full House when set up	300.364
Full House when two pair up	149.284
Quad when pair up	0.960027
Quad when set up	38.4517

Starting Hand	# Hands	% hands	# rounds won	% rounds won	% all rounds won	# Hands Suited	% hands Suited	# rounds won Suited	% rounds won Suited	% all rounds won
A A	202955	0.451011	70001.1	34.491	1.40002	0	0	0	-1.#IND	0
A K	542919	1.20649	108527	19.9896	2.17055	135162	0.30036	32159	23.7929	0.64318
A Q	542816	1.20626	99052.5	18.2479	1.98105	135540	0.3012	30626	22.5955	0.61252
A J	543754	1.20834	92401.8	16.9933	1.84804	135728	0.301618	29290	21.5799	0.5858
A 10	542698	1.206	86315.9	15.905	1.72632	135195	0.300433	28155	20.8255	0.5631
A 9	544199	1.20933	74126.8	13.6213	1.48254	136424	0.303164	24966	18.3003	0.49932
A 8	543644	1.2081	71421.4	13.1375	1.42843	135880	0.301956	24869	18.3022	0.49738
A 7	543484	1.20774	67629.2	12.4436	1.35258	135652	0.301449	23734	17.4962	0.47468
A 6	542995	1.20666	64819.4	11.9374	1.29639	135319	0.300709	23112	17.0796	0.46224
A 5	541619	1.2036	68193.5	12.5907	1.36387	134734	0.299409	24115	17.8982	0.4823
A 4	542800	1.20622	66528.9	12.2566	1.33058	135391	0.300869	23383	17.2707	0.46766
A 3	543380	1.20751	65014	11.9647	1.30028	136368	0.30304	23222	17.0289	0.46444
A 2	541981	1.2044	62543	11.5397	1.25086	135332	0.300738	22688	16.7647	0.45376
K K	203313	0.451807	58972.3	29.0057	1.17945	0	0	0	-1.#IND	0
K Q	543433	1.20763	97264.8	17.8982	1.9453	135969	0.302153	29897	21.9881	0.59794
K J	543179	1.20706	89586.4	16.493	1.79173	135970	0.302156	28193	20.7347	0.56386
K 10	543747	1.20833	84941.2	15.6214	1.69882	136448	0.303218	27452	20.119	0.54904
K 9	541891	1.2042	71598.8	13.2128	1.43198	135694	0.301542	24234	17.8593	0.48468
K 8	543287	1.2073	63355.5	11.6615	1.26711	135130	0.300289	22180	16.4138	0.4436
K 7	542394	1.20532	61373.1	11.3152	1.22746	135873	0.30194	22083	16.2527	0.44166
K 6	543374	1.2075	59415.7	10.9346	1.18831	136052	0.302338	21684	15.938	0.43368
K 5	543247	1.20722	57539.7	10.5918	1.15079	136055	0.302344	21248	15.6172	0.42496
K 4	542888	1.20642	55679	10.2561	1.11358	135975	0.302167	20688	15.2146	0.41376
K 3	542706	1.20601	54458	10.0345	1.08916	135873	0.30194	20354	14.9802	0.40708
K 2	543140	1.20698	53535.5	9.85667	1.07071	136320	0.302933	19908	14.6039	0.39816
Q Q	203519	0.452264	50746.4	24.9345	1.01493	0	0	0	-1.#IND	0
Q J	544727	1.2105	88192.2	16.1902	1.76384	136383	0.303073	27954	20.4967	0.55908
Q 10	543347	1.20744	82878.3	15.2533	1.65757	136025	0.302278	27130	19.9449	0.5426
Q 9	542161	1.2048	69884.2	12.8899	1.39768	135536	0.301191	23541	17.3688	0.47082
Q 8	542790	1.2062	62335.8	11.4843	1.24672	136043	0.302318	21894	16.0934	0.43788
Q 7	542762	1.20614	54849.5	10.1056	1.09699	135665	0.301478	20131	14.8388	0.40262
Q 6	542980	1.20662	53386.5	9.83214	1.06773	135456	0.301013	19837	14.6446	0.39674
Q 5	542633	1.20585	52002.1	9.58329	1.04004	136195	0.302656	19775	14.5196	0.3955
Q 4	541092	1.20243	50051.6	9.25011	1.00103	135057	0.300127	19010	14.0755	0.3802
Q 3	543409	1.20758	49107.7	9.03697	0.982155	136060	0.302356	18717	13.7564	0.37434
Q 2	542195	1.20488	47949.2	8.84354	0.958984	135774	0.30172	18333	13.5026	0.36666
J J	203611	0.452469	44306	21.7601	0.88612	0	0	0	-1.#IND	0
J 10	542085	1.20463	83222.6	15.3523	1.66445	136422	0.30316	27135	19.8905	0.5427
J 9	543142	1.20698	70355.3	12.9534	1.40711	135544	0.301209	23861	17.6039	0.47722
J 8	541966	1.20437	62740.4	11.5764	1.25481	135674	0.301498	21977	16.1984	0.43954
J 7	542845	1.20632	55325.6	10.1918	1.10651	136026	0.30228	20297	14.9214	0.40594
J 6	542471	1.20549	48901.9	9.01466	0.978038	135628	0.301396	18400	13.5665	0.368
J 5	543281	1.20729	47814.3	8.80102	0.956285	136149	0.302553	18570	13.6395	0.3714
J 4	544547	1.2101	46580.9	8.55407	0.931619	136599	0.303553	18424	13.4877	0.36848
J 3	544029	1.20895	45579	8.37805	0.91158	136075	0.302389	17676	12.9899	0.35352
J 2	542043	1.20454	44331.5	8.1786	0.88663	135279	0.30062	17077	12.6235	0.34154
10 10	204088	0.453529	39116.6	19.1665	0.782332	0	0	0	-1.#IND	0
10 9	543828	1.20851	73062.1	13.4348	1.46124	135564	0.301253	23989	17.6957	0.47978
10 8	543702	1.20823	64444	11.8528	1.28888	135566	0.301258	22242	16.4068	0.44484
10 7	542744	1.2061	56747	10.4556	1.13494	135367	0.300816	20225	14.9409	0.4045
10 6	542255	1.20501	50497	9.31241	1.00994	135414	0.30092	19158	14.1477	0.38316
10 5	542921	1.20649	44903.1	8.27065	0.898062	135721	0.301602	17679	13.026	0.35358
10 4	543222	1.20716	44166.5	8.13047	0.88333	136071	0.30238	17584	12.9227	0.35168
10 3	541729	1.20384	42618.2	7.86706	0.852363	135614	0.301364	16942	12.4928	0.33884
10 2	543012	1.20669	41487.3	7.64023	0.829747	135765	0.3017	16508	12.1592	0.33016
9 9	203463	0.45214	34977.6	17.1911	0.699552	0	0	0	-1.#IND	0
9 8	542874	1.20639	64133.5	11.8137	1.28267	136044	0.30232	21974	16.1521	0.43948
9 7	542928	1.20651	57463.9	10.5841	1.14928	135883	0.301962	20347	14.9739	0.40694
9 6	542965	1.20659	51253.7	9.4396	1.02507	135592	0.301316	18757	13.8334	0.37514
9 5	543564	1.20792	45723.1	8.41171	0.914461	136161	0.30258	17768	13.0493	0.35536
9 4	543114	1.20692	39808.3	7.32964	0.796166	135554	0.301231	16004	11.8064	0.32008
9 3	543755	1.20834	39406.4	7.24708	0.788127	135992	0.302204	15887	11.6823	0.31774
9 2	543138	1.20697	38059.7	7.00738	0.761195	135681	0.301513	15319	11.2905	0.30638
8 8	203503	0.452229	32200	15.8229	0.644	0	0	0	-1.#IND	0
8 7	544152	1.20923	60174.9	11.0585	1.2035	135836	0.301858	20715	15.25	0.4143
8 6	544919	1.21093	54882.1	10.0716	1.09764	136263	0.302807	19612	14.3928	0.39224
8 5	542465	1.20548	48081.9	8.8636	0.961638	135253	0.300562	17936	13.2611	0.35872
8 4	542185	1.20486	41888.3	7.72582	0.837765	136398	0.303107	16296	11.9474	0.32592
8 3	543152	1.207	36443.2	6.70958	0.728865	136491	0.303313	14907	10.9216	0.29814
8 2	541919	1.20426	36233.7	6.68618	0.724674	135200	0.300444	14791	10.9401	0.29582
7 7	203791	0.452869	30288.6	14.8626	0.605773	0	0	0	-1.#IND	0
7 6	542867	1.20637	57142	10.526	1.14284	135598	0.301329	19944	14.7082	0.39888
7 5	542053	1.20456	51514.4	9.50356	1.03029	135532	0.301182	18695	13.7938	0.3739
7 4	543530	1.20784	45115.8	8.30052	0.902316	135896	0.301991	16969	12.4868	0.33938
7 3	543969	1.20882	39816.1	7.31955	0.796322	136148	0.302551	15530	11.4067	0.3106
7 2	542741	1.20609	34431.9	6.34408	0.688638	135872	0.301938	14215	10.4621	0.2843
6 6	203829	0.452953	28600.4	14.0315	0.572007	0	0	0	-1.#IND	0
6 5	542854	1.20634	54906.4	10.1144	1.09813	135288	0.30064	19464	14.3871	0.38928
6 4	543080	1.20684	49167.1	9.05339	0.983343	135948	0.302107	17929	13.1881	0.35858
6 3	542715	1.20603	43107.9	7.943	0.862157	135914	0.302031	16372	12.0459	0.32744
6 2	542540	1.20564	37585.3	6.92765	0.751705	135432	0.30096	15128	11.1702	0.30256
5 5	204251	0.453891	27257.9	13.3453	0.545157	0	0	0	-1.#IND	0
5 4	542869	1.20638	53066.6	9.7752	1.06133	135746	0.301658	18766	13.8243	0.37532
5 3	542585	1.20574	48761.7	8.98692	0.975233	135733	0.301629	17701	13.041	0.35402
5 2	542534	1.20563	42501.9	7.83396	0.850038	135508	0.301129	16123	11.8982	0.32246
4 4	203309	0.451798	26408.5	12.9893	0.52817	0	0	0	-1.#IND	0
4 3	543888	1.20864	46126.9	8.48095	0.922538	135830	0.301844	17011	12.5237	0.34022
4 2	543062	1.2068	41167	7.58053	0.82334	135571	0.301269	15528	11.4538	0.31056
3 3	203986	0.453302	26084.8	12.7875	0.521696	0	0	0	-1.#IND	0
3 2	542766	1.20615	38570.4	7.10626	0.771408	135711	0.30158	14825	10.9239	0.2965
2 2	203706	0.45268	25671.7	12.6023	0.513434	0	0	0	-1.#IND	0
