Num Players: 3
Num Rounds: 5000000
Num Hands: 15000000

Hand type	# Hands	% of hands	# rounds won	% of rounds won
High	2610921	17.4061	98399	1.96798
Pair	6576371	43.8425	1499054	29.9811
TwoPair	3525742	23.5049	1696611	33.9322
Set	723263	4.82175	462129	9.24258
Straight	691950	4.613	539023	10.7805
Flush	453815	3.02543	352182	7.04364
FullHouse	389240	2.59493	326389	6.52778
Quads	25218	0.16812	22791	0.45582
StraighFlush	3113	0.0207533	3060	0.0612
RoyalFlush	367	0.00244667	362	0.00724

Straight when connector	7.46958
Flush when Suited 	6.4983

Set when pair up	19.5401
Straight when three up	14.3821
Straight when four up	17.2001
Flush when three up	24.4504
Flush when four up	112.093
Full House when pair up	8.41623
Full House when set up	100.658
Full House when two pair up	49.8581
Quad when pair up	0.328722
Quad when set up	12.7385

Starting Hand	# Hands	% hands	# rounds won	% rounds won	% all rounds won	# Hands Suited	% hands Suited	# rounds won Suited	% rounds won Suited	% all rounds won
A A	67958	0.453053	49865.2	73.3766	0.997305	0	0	0	-1.#IND	0
A K	180903	1.20602	88522.4	48.9336	1.77045	45125	0.300833	23411	51.8803	0.46822
A Q	180800	1.20533	86087.8	47.6149	1.72176	45117	0.30078	23002	50.983	0.46004
A J	181507	1.21005	83817	46.1784	1.67634	45487	0.303247	22447	49.3482	0.44894
A 10	181212	1.20808	81399.6	44.9196	1.62799	45302	0.302013	21959	48.4725	0.43918
A 9	181832	1.21221	76965.8	42.328	1.53932	45564	0.30376	21095	46.2975	0.4219
A 8	181648	1.21099	74999.4	41.2883	1.49999	45427	0.302847	20628	45.4091	0.41256
A 7	180731	1.20487	72431.6	40.077	1.44863	45105	0.3007	19948	44.2257	0.39896
A 6	180414	1.20276	69722.9	38.646	1.39446	45009	0.30006	19570	43.4802	0.3914
A 5	181078	1.20719	70237	38.7882	1.40474	45480	0.3032	19771	43.4719	0.39542
A 4	181273	1.20849	69290.5	38.2244	1.38581	45576	0.30384	19539	42.8712	0.39078
A 3	180615	1.2041	66813.8	36.9924	1.33628	45007	0.300047	18837	41.8535	0.37674
A 2	180879	1.20586	65388.1	36.1502	1.30776	45267	0.30178	18457	40.7736	0.36914
K K	67529	0.450193	46438.1	68.7677	0.928762	0	0	0	-1.#IND	0
K Q	180457	1.20305	81139.7	44.9634	1.62279	45295	0.301967	21818	48.1687	0.43636
K J	181475	1.20983	79518.6	43.8179	1.59037	45539	0.303593	21494	47.1991	0.42988
K 10	181749	1.21166	77466.1	42.6226	1.54932	45698	0.304653	21164	46.3127	0.42328
K 9	180541	1.20361	72369.9	40.085	1.4474	44879	0.299193	19721	43.9426	0.39442
K 8	180827	1.20551	68470.1	37.865	1.3694	45243	0.30162	18908	41.7921	0.37816
K 7	180893	1.20595	66614.4	36.8253	1.33229	45584	0.303893	18796	41.2338	0.37592
K 6	180359	1.20239	64759.3	35.9058	1.29519	45255	0.3017	18316	40.4729	0.36632
K 5	180794	1.20529	62875	34.7771	1.2575	45396	0.30264	17951	39.5431	0.35902
K 4	181471	1.20981	61693.1	33.9961	1.23386	45280	0.301867	17491	38.6285	0.34982
K 3	181172	1.20781	59803.1	33.009	1.19606	45451	0.303007	17195	37.832	0.3439
K 2	180542	1.20361	57953	32.0995	1.15906	45247	0.301647	16664	36.829	0.33328
Q Q	67874	0.452493	44142.5	65.0359	0.88285	0	0	0	-1.#IND	0
Q J	181251	1.20834	76033.9	41.9495	1.52068	45611	0.304073	20831	45.671	0.41662
Q 10	180659	1.20439	73925.5	40.9199	1.47851	45290	0.301933	20270	44.756	0.4054
Q 9	180971	1.20647	69490.4	38.3986	1.38981	45385	0.302567	19227	42.3642	0.38454
Q 8	181178	1.20785	65434.8	36.1163	1.3087	45331	0.302207	18167	40.0763	0.36334
Q 7	180304	1.20203	61251.9	33.9715	1.22504	45294	0.30196	17305	38.2059	0.3461
Q 6	180981	1.20654	60131.8	33.2255	1.20264	45449	0.302993	17199	37.8424	0.34398
Q 5	180589	1.20393	58016.6	32.1263	1.16033	45053	0.300353	16710	37.0896	0.3342
Q 4	180985	1.20657	56885.4	31.431	1.13771	45478	0.303187	16513	36.3099	0.33026
Q 3	181410	1.2094	55171.6	30.4126	1.10343	45343	0.302287	15957	35.1918	0.31914
Q 2	181966	1.21311	53809.6	29.5713	1.07619	45454	0.303027	15719	34.5822	0.31438
J J	67647	0.45098	41284.7	61.0295	0.825693	0	0	0	-1.#IND	0
J 10	180942	1.20628	71723.5	39.6389	1.43447	45342	0.30228	19610	43.2491	0.3922
J 9	180530	1.20353	66851.7	37.0308	1.33703	44826	0.29884	18295	40.8134	0.3659
J 8	180765	1.2051	62928.2	34.8121	1.25856	45205	0.301367	17431	38.5599	0.34862
J 7	181732	1.21155	59832.2	32.9233	1.19664	45598	0.303987	17000	37.2823	0.34
J 6	180464	1.20309	55603.2	30.8113	1.11206	45492	0.30328	16232	35.681	0.32464
J 5	180432	1.20288	54273.4	30.0797	1.08547	45252	0.30168	15796	34.9067	0.31592
J 4	180565	1.20377	53105.2	29.4106	1.0621	45197	0.301313	15539	34.3806	0.31078
J 3	180779	1.20519	51109.8	28.272	1.0222	45084	0.30056	14890	33.0272	0.2978
J 2	180737	1.20491	50024.2	27.6779	1.00048	45148	0.300987	14715	32.5928	0.2943
10 10	68217	0.45478	39125.3	57.3542	0.782507	0	0	0	-1.#IND	0
10 9	181329	1.20886	65508.3	36.1267	1.31017	45472	0.303147	18269	40.1764	0.36538
10 8	180372	1.20248	61430.7	34.0578	1.22861	45204	0.30136	17373	38.4324	0.34746
10 7	180797	1.20531	58154.2	32.1654	1.16308	45074	0.300493	16516	36.642	0.33032
10 6	180877	1.20585	54295.6	30.018	1.08591	45452	0.303013	15674	34.4847	0.31348
10 5	181763	1.21175	50667.9	27.8758	1.01336	45440	0.302933	14779	32.5242	0.29558
10 4	180845	1.20563	49884.6	27.5842	0.997693	45182	0.301213	14771	32.6922	0.29542
10 3	181030	1.20687	48016.1	26.5238	0.960321	45236	0.301573	14159	31.3003	0.28318
10 2	180890	1.20593	46363.8	25.6309	0.927276	45625	0.304167	13907	30.4811	0.27814
9 9	67840	0.452267	36307.2	53.5189	0.726144	0	0	0	-1.#IND	0
9 8	181551	1.21034	60586.6	33.3717	1.21173	45378	0.30252	17179	37.8576	0.34358
9 7	180290	1.20193	56762	31.4837	1.13524	44792	0.298613	16023	35.772	0.32046
9 6	181046	1.20697	53252.4	29.4138	1.06505	45316	0.302107	15408	34.0012	0.30816
9 5	181200	1.208	49842.8	27.5071	0.996856	45341	0.302273	14684	32.3857	0.29368
9 4	180684	1.20456	45916.3	25.4125	0.918325	45159	0.30106	13469	29.8257	0.26938
9 3	180790	1.20527	44810.8	24.7861	0.896217	45066	0.30044	13463	29.874	0.26926
9 2	181354	1.20903	43628.3	24.057	0.872565	45242	0.301613	12950	28.6238	0.259
8 8	68094	0.45396	33786.9	49.618	0.675738	0	0	0	-1.#IND	0
8 7	180657	1.20438	55793	30.8834	1.11586	45270	0.3018	15914	35.1535	0.31828
8 6	180419	1.20279	52900.1	29.3207	1.058	45065	0.300433	15351	34.0641	0.30702
8 5	181070	1.20713	49717.1	27.4574	0.994341	44952	0.29968	14550	32.3679	0.291
8 4	181300	1.20867	45896	25.315	0.917921	45476	0.303173	13833	30.4182	0.27666
8 3	180741	1.20494	42420.4	23.4703	0.848409	45175	0.301167	12906	28.5689	0.25812
8 2	181189	1.20793	41245.4	22.7637	0.824907	45208	0.301387	12558	27.7783	0.25116
7 7	68173	0.454487	31737.8	46.5547	0.634755	0	0	0	-1.#IND	0
7 6	181183	1.20789	52947.5	29.2232	1.05895	45469	0.303127	15449	33.977	0.30898
7 5	181571	1.21047	49394.5	27.204	0.987891	45271	0.301807	14440	31.8968	0.2888
7 4	180880	1.20587	45990	25.4257	0.9198	44915	0.299433	13553	30.1748	0.27106
7 3	180570	1.2038	42562.6	23.5712	0.851252	45022	0.300147	12858	28.5594	0.25716
7 2	181681	1.21121	38924.9	21.4248	0.778497	45548	0.303653	12149	26.673	0.24298
6 6	68064	0.45376	29382.1	43.1683	0.587642	0	0	0	-1.#IND	0
6 5	182511	1.21674	50208.9	27.51	1.00418	45615	0.3041	14692	32.2087	0.29384
6 4	181130	1.20753	46777	25.8251	0.93554	45194	0.301293	13821	30.5815	0.27642
6 3	180564	1.20376	43058.1	23.8464	0.861162	45042	0.30028	12762	28.3336	0.25524
6 2	180398	1.20265	39404.1	21.8429	0.788083	45081	0.30054	12137	26.9227	0.24274
5 5	67898	0.452653	26947.7	39.6886	0.538955	0	0	0	-1.#IND	0
5 4	180846	1.20564	47265.5	26.1358	0.945311	45251	0.301673	13920	30.7618	0.2784
5 3	180520	1.20347	44211.4	24.4912	0.884229	45356	0.302373	13294	29.3103	0.26588
5 2	181141	1.20761	41031.2	22.6515	0.820623	45242	0.301613	12503	27.6358	0.25006
4 4	67820	0.452133	25071.9	36.9683	0.501438	0	0	0	-1.#IND	0
4 3	181352	1.20901	42576.6	23.4773	0.851532	45420	0.3028	12744	28.0581	0.25488
4 2	181072	1.20715	39341.6	21.7271	0.786833	45578	0.303853	12141	26.6379	0.24282
3 3	67652	0.451013	22725.6	33.5918	0.454511	0	0	0	-1.#IND	0
3 2	181089	1.20726	37570.6	20.747	0.751412	45491	0.303273	11649	25.6073	0.23298
2 2	68120	0.454133	20853.5	30.6129	0.41707	0	0	0	-1.#IND	0
