Num Players: 5
Num Rounds: 5000000
Num Hands: 25000000

Hand type	# Hands	% of hands	# rounds won	% of rounds won
High	4353548	17.4142	9570	0.1914
Pair	10960855	43.8434	980901	19.618
TwoPair	5870074	23.4803	1618654	32.3731
Set	1205538	4.82215	628497	12.5699
Straight	1154980	4.61992	749773	14.9955
Flush	760294	3.04118	490298	9.80596
FullHouse	647337	2.58935	479847	9.59694
Quads	41549	0.166196	36847	0.73694
StraighFlush	5233	0.020932	5035	0.1007
RoyalFlush	592	0.002368	578	0.01156

Straight when connector	7.49105
Flush when Suited 	6.54306

Set when pair up	32.527
Straight when three up	24.0091
Straight when four up	28.6773
Flush when three up	40.9667
Flush when four up	187.643
Full House when pair up	14.0433
Full House when set up	166.63
Full House when two pair up	82.8249
Quad when pair up	0.530079
Quad when set up	21.2017

Starting Hand	# Hands	% hands	# rounds won	% rounds won	% all rounds won	# Hands Suited	% hands Suited	# rounds won Suited	% rounds won Suited	% all rounds won
A A	113026	0.452104	63335.2	56.0359	1.2667	0	0	0	-1.#IND	0
A K	300983	1.20393	99776.9	33.1503	1.99554	75226	0.300904	27681	36.7971	0.55362
A Q	302158	1.20863	94358.6	31.2282	1.88717	75851	0.303404	26742	35.256	0.53484
A J	302038	1.20815	89535.2	29.6437	1.7907	75785	0.30314	25757	33.9869	0.51514
A 10	300854	1.20342	85003.8	28.2542	1.70008	74822	0.299288	24228	32.3809	0.48456
A 9	301386	1.20554	76816	25.4876	1.53632	75376	0.301504	22896	30.3757	0.45792
A 8	302735	1.21094	74224.5	24.518	1.48449	75631	0.302524	22155	29.2935	0.4431
A 7	301236	1.20494	70888.2	23.5325	1.41776	74996	0.299984	21513	28.6855	0.43026
A 6	302152	1.20861	67491.6	22.337	1.34983	75693	0.302772	20602	27.2178	0.41204
A 5	301837	1.20735	69524.7	23.0338	1.39049	75357	0.301428	21198	28.1301	0.42396
A 4	301332	1.20533	67134.8	22.2794	1.3427	75394	0.301576	20828	27.6255	0.41656
A 3	301873	1.20749	65245	21.6134	1.3049	75545	0.30218	20269	26.8304	0.40538
A 2	301442	1.20577	63195.9	20.9645	1.26392	75033	0.300132	19742	26.3111	0.39484
K K	113598	0.454392	56694	49.9076	1.13388	0	0	0	-1.#IND	0
K Q	301164	1.20466	90403.6	30.0181	1.80807	75513	0.302052	25506	33.777	0.51012
K J	301632	1.20653	86228.6	28.5873	1.72457	75584	0.302336	24714	32.6974	0.49428
K 10	300951	1.2038	81704	27.1486	1.63408	75338	0.301352	23711	31.4728	0.47422
K 9	300822	1.20329	73512.2	24.4371	1.47024	75322	0.301288	21769	28.9013	0.43538
K 8	301063	1.20425	66841.8	22.2019	1.33684	75739	0.302956	20297	26.7986	0.40594
K 7	301197	1.20479	64813.2	21.5185	1.29626	75526	0.302104	20038	26.5313	0.40076
K 6	302394	1.20958	62442.6	20.6494	1.24885	75782	0.303128	19448	25.6631	0.38896
K 5	302331	1.20932	60549.9	20.0277	1.211	75342	0.301368	19096	25.3458	0.38192
K 4	302400	1.2096	58522.2	19.3526	1.17044	75383	0.301532	18486	24.5228	0.36972
K 3	301428	1.20571	56627.4	18.7864	1.13255	75237	0.300948	18068	24.0148	0.36136
K 2	301355	1.20542	54842.9	18.1988	1.09686	75153	0.300612	17415	23.1727	0.3483
Q Q	112690	0.45076	50347.7	44.6781	1.00695	0	0	0	-1.#IND	0
Q J	301303	1.20521	83443.7	27.6943	1.66887	75169	0.300676	23672	31.4917	0.47344
Q 10	301689	1.20676	79888.8	26.4805	1.59778	75848	0.303392	23365	30.805	0.4673
Q 9	301613	1.20645	70972.6	23.531	1.41945	75596	0.302384	21158	27.9883	0.42316
Q 8	301872	1.20749	64971.1	21.5227	1.29942	75763	0.303052	19963	26.3493	0.39926
Q 7	301522	1.20609	58687	19.4636	1.17374	75341	0.301364	18142	24.0799	0.36284
Q 6	302517	1.21007	57419.4	18.9805	1.14839	75421	0.301684	17921	23.7613	0.35842
Q 5	302227	1.20891	55160.1	18.2512	1.1032	75548	0.302192	17483	23.1416	0.34966
Q 4	301771	1.20708	53517.4	17.7344	1.07035	75705	0.30282	17048	22.519	0.34096
Q 3	302045	1.20818	51892.3	17.1803	1.03785	75816	0.303264	16811	22.1734	0.33622
Q 2	301676	1.2067	49856.2	16.5264	0.997124	75631	0.302524	16168	21.3775	0.32336
J J	113000	0.452	45482.6	40.2501	0.909653	0	0	0	-1.#IND	0
J 10	301567	1.20627	79049.6	26.2129	1.58099	75406	0.301624	23069	30.5931	0.46138
J 9	300717	1.20287	70022.9	23.2853	1.40046	75329	0.301316	20722	27.5087	0.41444
J 8	300978	1.20391	63422.2	21.072	1.26844	75590	0.30236	19364	25.6171	0.38728
J 7	302376	1.2095	58331.4	19.291	1.16663	75441	0.301764	18072	23.9551	0.36144
J 6	301307	1.20523	52395.4	17.3894	1.04791	75036	0.300144	16588	22.1067	0.33176
J 5	302041	1.20816	51132.3	16.9289	1.02265	75551	0.302204	16390	21.694	0.3278
J 4	302055	1.20822	49393.1	16.3524	0.987862	75594	0.302376	15946	21.0943	0.31892
J 3	301565	1.20626	47750.6	15.8343	0.955011	75222	0.300888	15637	20.7878	0.31274
J 2	301383	1.20553	46639.2	15.4751	0.932784	75591	0.302364	15236	20.1558	0.30472
10 10	112682	0.450728	40883.7	36.2824	0.817674	0	0	0	-1.#IND	0
10 9	301322	1.20529	69942.6	23.2119	1.39885	75416	0.301664	20617	27.3377	0.41234
10 8	301115	1.20446	64137.4	21.3	1.28275	75504	0.302016	19430	25.7337	0.3886
10 7	302132	1.20853	57903.3	19.1649	1.15806	75661	0.302644	18195	24.0481	0.3639
10 6	301771	1.20708	52667.5	17.4528	1.05335	75251	0.301004	16777	22.2947	0.33554
10 5	302736	1.21094	47955.5	15.8407	0.95911	75502	0.302008	15493	20.52	0.30986
10 4	302373	1.20949	46623.9	15.4193	0.932478	75739	0.302956	15403	20.3369	0.30806
10 3	300869	1.20348	44610.7	14.8273	0.892213	75188	0.300752	14942	19.8729	0.29884
10 2	301531	1.20612	43365.4	14.3817	0.867307	75212	0.300848	14574	19.3772	0.29148
9 9	113262	0.453048	36908.6	32.5869	0.738172	0	0	0	-1.#IND	0
9 8	301585	1.20634	62936.6	20.8686	1.25873	75295	0.30118	18880	25.0747	0.3776
9 7	302295	1.20918	58096.1	19.2183	1.16192	75664	0.302656	17918	23.681	0.35836
9 6	301940	1.20776	52596.4	17.4195	1.05193	75525	0.3021	16554	21.9186	0.33108
9 5	300983	1.20393	47405.3	15.7502	0.948106	75443	0.301772	15445	20.4724	0.3089
9 4	301308	1.20523	42623	14.146	0.852461	75501	0.302004	14283	18.9176	0.28566
9 3	302115	1.20846	42071.7	13.9257	0.841434	75583	0.302332	13951	18.4579	0.27902
9 2	301396	1.20558	40447	13.4199	0.80894	75436	0.301744	13798	18.291	0.27596
8 8	112795	0.45118	33207.8	29.4409	0.664157	0	0	0	-1.#IND	0
8 7	302707	1.21083	58033.7	19.1716	1.16067	75704	0.302816	17725	23.4136	0.3545
8 6	302136	1.20854	53266.7	17.6301	1.06533	75442	0.301768	16802	22.2714	0.33604
8 5	301132	1.20453	48350.4	16.0562	0.967009	75563	0.302252	15486	20.4942	0.30972
8 4	303002	1.21201	43462	14.3438	0.869239	75850	0.3034	14508	19.1272	0.29016
8 3	301875	1.2075	39161.1	12.9726	0.783223	75772	0.303088	13390	17.6714	0.2678
8 2	300827	1.20331	37796.6	12.5642	0.755932	74878	0.299512	12800	17.0945	0.256
7 7	113240	0.45296	30347.2	26.7991	0.606945	0	0	0	-1.#IND	0
7 6	301501	1.206	54187.7	17.9726	1.08375	75466	0.301864	16944	22.4525	0.33888
7 5	301647	1.20659	49352.6	16.361	0.987051	75095	0.30038	15673	20.8709	0.31346
7 4	301765	1.20706	44729	14.8225	0.89458	75822	0.303288	14719	19.4126	0.29438
7 3	301859	1.20744	40286.2	13.346	0.805723	75963	0.303852	13762	18.1167	0.27524
7 2	302011	1.20804	35344.6	11.7031	0.706892	75838	0.303352	12410	16.3638	0.2482
6 6	112709	0.450836	27514.9	24.4124	0.550298	0	0	0	-1.#IND	0
6 5	301511	1.20604	50670.2	16.8054	1.0134	75701	0.302804	16080	21.2415	0.3216
6 4	301930	1.20772	45971.2	15.2258	0.919425	75477	0.301908	14964	19.8259	0.29928
6 3	301761	1.20704	41612.6	13.7899	0.832252	75447	0.301788	13902	18.4262	0.27804
6 2	300990	1.20396	37216.6	12.3647	0.744332	74941	0.299764	12714	16.9653	0.25428
5 5	112762	0.451048	25279.1	22.4181	0.505582	0	0	0	-1.#IND	0
5 4	301963	1.20785	48633.8	16.1059	0.972676	75349	0.301396	15620	20.7302	0.3124
5 3	301042	1.20417	44106.2	14.6512	0.882123	75457	0.301828	14330	18.9909	0.2866
5 2	301252	1.20501	39674.7	13.1699	0.793494	75119	0.300476	13384	17.8171	0.26768
4 4	112997	0.451988	23306.2	20.6255	0.466123	0	0	0	-1.#IND	0
4 3	301728	1.20691	42262.1	14.0067	0.845241	75421	0.301684	13795	18.2907	0.2759
4 2	302187	1.20875	37797.4	12.508	0.755949	75561	0.302244	12754	16.8791	0.25508
3 3	112978	0.451912	21777.9	19.2762	0.435557	0	0	0	-1.#IND	0
3 2	301943	1.20777	35968.7	11.9124	0.719373	75195	0.30078	12246	16.2857	0.24492
2 2	113034	0.452136	19967.7	17.6652	0.399354	0	0	0	-1.#IND	0
