Num Players: 7
Num Rounds: 5000000
Num Hands: 35000000

Hand type	# Hands	% of hands	# rounds won	% of rounds won
High	6093390	17.4097	723	0.01446
Pair	15346066	43.8459	669982	13.3996
TwoPair	8217499	23.4786	1423654	28.4731
Set	1689096	4.82599	750659	15.0132
Straight	1617541	4.62155	897641	17.9528
Flush	1061390	3.03254	591686	11.8337
FullHouse	908291	2.59512	606484	12.1297
Quads	58503	0.167151	51325	1.0265
StraighFlush	7342	0.0209771	6992	0.13984
RoyalFlush	882	0.00252	854	0.01708

Straight when connector	7.50244
Flush when Suited 	6.52022

Set when pair up	45.559
Straight when three up	33.6358
Straight when four up	40.2298
Flush when three up	57.2209
Flush when four up	262.452
Full House when pair up	19.7023
Full House when set up	233.955
Full House when two pair up	115.903
Quad when pair up	0.744857
Quad when set up	29.8557

Starting Hand	# Hands	% hands	# rounds won	% rounds won	% all rounds won	# Hands Suited	% hands Suited	# rounds won Suited	% rounds won Suited	% all rounds won
A A	158175	0.451929	68896.3	43.557	1.37793	0	0	0	-1.#IND	0
A K	422222	1.20635	106357	25.1899	2.12715	106095	0.303129	30809	29.0391	0.61618
A Q	422400	1.20686	98212.9	23.2512	1.96426	105403	0.301151	28786	27.3104	0.57572
A J	422979	1.20851	92232.3	21.8054	1.84465	106272	0.303634	27867	26.2223	0.55734
A 10	421962	1.20561	86611.4	20.5259	1.73223	105940	0.302686	26627	25.134	0.53254
A 9	422797	1.20799	75757.1	17.9181	1.51514	105561	0.301603	24053	22.7859	0.48106
A 8	422457	1.20702	73135	17.3118	1.4627	105461	0.301317	23472	22.2566	0.46944
A 7	423081	1.2088	69227.3	16.3627	1.38455	105298	0.300851	22416	21.2882	0.44832
A 6	422844	1.20813	65873.4	15.5786	1.31747	105594	0.301697	21869	20.7105	0.43738
A 5	421615	1.20461	69194	16.4116	1.38388	106014	0.302897	22989	21.6849	0.45978
A 4	421732	1.20495	66906.7	15.8647	1.33813	105319	0.300911	22184	21.0636	0.44368
A 3	422067	1.20591	65047.8	15.4117	1.30096	105282	0.300806	21502	20.4232	0.43004
A 2	422943	1.20841	62976.6	14.8901	1.25953	105528	0.301509	21187	20.0771	0.42374
K K	157789	0.450826	58959.4	37.366	1.17919	0	0	0	-1.#IND	0
K Q	423027	1.20865	95397.9	22.5513	1.90796	106150	0.303286	28046	26.4211	0.56092
K J	422393	1.20684	88843.7	21.0334	1.77687	105749	0.30214	26845	25.3856	0.5369
K 10	422375	1.20679	84564.8	20.0213	1.6913	105953	0.302723	25922	24.4656	0.51844
K 9	421009	1.20288	73187.2	17.3838	1.46374	105431	0.301231	23198	22.003	0.46396
K 8	422391	1.20683	65392.3	15.4815	1.30785	106113	0.30318	21465	20.2284	0.4293
K 7	423800	1.21086	63389.1	14.9573	1.26778	105767	0.302191	21035	19.8881	0.4207
K 6	422665	1.20761	60880.5	14.404	1.21761	105441	0.30126	20430	19.3758	0.4086
K 5	422659	1.2076	58692	13.8864	1.17384	104948	0.299851	20061	19.1152	0.40122
K 4	422590	1.2074	57006.4	13.4898	1.14013	105331	0.300946	19539	18.5501	0.39078
K 3	422289	1.20654	55487.2	13.1396	1.10974	105286	0.300817	19352	18.3804	0.38704
K 2	420589	1.20168	53857.7	12.8053	1.07715	105335	0.300957	18595	17.6532	0.3719
Q Q	158505	0.452871	51625.6	32.5704	1.03251	0	0	0	-1.#IND	0
Q J	422754	1.20787	87038.4	20.5884	1.74077	105644	0.30184	26284	24.8798	0.52568
Q 10	420678	1.20194	81794.5	19.4435	1.63589	105181	0.300517	25089	23.8532	0.50178
Q 9	423324	1.2095	71129.3	16.8026	1.42259	105591	0.301689	22388	21.2026	0.44776
Q 8	421659	1.20474	63293	15.0105	1.26586	105809	0.302311	20945	19.7951	0.4189
Q 7	421688	1.20482	56293	13.3494	1.12586	105447	0.301277	18906	17.9294	0.37812
Q 6	421351	1.20386	55292.6	13.1227	1.10585	105272	0.300777	19140	18.1815	0.3828
Q 5	420908	1.20259	53523.6	12.7162	1.07047	105669	0.301911	18640	17.64	0.3728
Q 4	421576	1.2045	51968.8	12.3273	1.03938	105165	0.300471	17977	17.0941	0.35954
Q 3	422088	1.20597	50270.4	11.9099	1.00541	105931	0.30266	17717	16.725	0.35434
Q 2	422996	1.20856	48703.6	11.514	0.974072	106371	0.303917	17415	16.3719	0.3483
J J	158739	0.45354	45219.6	28.4867	0.904392	0	0	0	-1.#IND	0
J 10	422260	1.20646	82035.3	19.4277	1.64071	105383	0.301094	24943	23.6689	0.49886
J 9	421713	1.20489	70513	16.7206	1.41026	105034	0.300097	22264	21.1969	0.44528
J 8	421710	1.20489	63073.9	14.9567	1.26148	105505	0.301443	20581	19.5071	0.41162
J 7	421853	1.20529	56687.5	13.4377	1.13375	105156	0.300446	19087	18.1511	0.38174
J 6	422296	1.20656	50323.9	11.9167	1.00648	105312	0.300891	17464	16.5831	0.34928
J 5	421875	1.20536	49096.5	11.6377	0.98193	105522	0.301491	17367	16.4582	0.34734
J 4	422456	1.20702	48003.2	11.3629	0.960064	106095	0.303129	17276	16.2835	0.34552
J 3	423396	1.2097	46555.6	10.9958	0.931112	105447	0.301277	16713	15.8497	0.33426
J 2	422852	1.20815	44895.8	10.6174	0.897915	105627	0.301791	16203	15.3398	0.32406
10 10	158866	0.453903	40146.9	25.2709	0.802938	0	0	0	-1.#IND	0
10 9	422358	1.20674	72208.8	17.0966	1.44418	105424	0.301211	22719	21.5501	0.45438
10 8	423017	1.20862	64128.8	15.1599	1.28258	105596	0.301703	20824	19.7204	0.41648
10 7	422383	1.20681	57427.2	13.596	1.14854	105514	0.301469	19190	18.1872	0.3838
10 6	421977	1.20565	51120.9	12.1146	1.02242	105155	0.300443	17921	17.0425	0.35842
10 5	422670	1.20763	45556.9	10.7784	0.911137	105410	0.301171	16375	15.5346	0.3275
10 4	421904	1.20544	44942.3	10.6523	0.898846	105724	0.302069	16353	15.4676	0.32706
10 3	422155	1.20616	43367	10.2728	0.867339	105658	0.30188	15860	15.0107	0.3172
10 2	422880	1.20823	42220.1	9.98393	0.844401	105575	0.301643	15591	14.7677	0.31182
9 9	158467	0.452763	35558.8	22.4392	0.711176	0	0	0	-1.#IND	0
9 8	422951	1.20843	63921.4	15.1132	1.27843	105755	0.302157	20609	19.4875	0.41218
9 7	422165	1.20619	57533.3	13.6282	1.15067	105662	0.301891	19049	18.0282	0.38098
9 6	422159	1.20617	51547.5	12.2104	1.03095	105960	0.302743	17816	16.8139	0.35632
9 5	422308	1.20659	46194.5	10.9386	0.92389	105672	0.30192	16602	15.7109	0.33204
9 4	422673	1.20764	41102.5	9.72442	0.82205	105592	0.301691	15203	14.3979	0.30406
9 3	422220	1.20634	39712.6	9.40566	0.794252	105469	0.30134	14839	14.0695	0.29678
9 2	422656	1.20759	38853.1	9.19262	0.777063	105354	0.301011	14397	13.6654	0.28794
8 8	159025	0.454357	32141.5	20.2116	0.642829	0	0	0	-1.#IND	0
8 7	422867	1.20819	58842.3	13.9151	1.17685	105873	0.302494	19275	18.2058	0.3855
8 6	422203	1.20629	53598.4	12.6949	1.07197	105439	0.301254	17982	17.0544	0.35964
8 5	422998	1.20857	48358.5	11.4323	0.96717	105323	0.300923	16871	16.0183	0.33742
8 4	421791	1.20512	42313.9	10.032	0.846277	105268	0.300766	15231	14.4688	0.30462
8 3	422979	1.20851	37645.1	8.9	0.752902	105640	0.301829	14178	13.4211	0.28356
8 2	422704	1.20773	36328.6	8.59433	0.726572	105184	0.300526	13691	13.0162	0.27382
7 7	158028	0.451509	29491.3	18.6621	0.589826	0	0	0	-1.#IND	0
7 6	422831	1.20809	55312.8	13.0815	1.10626	106127	0.30322	18549	17.4781	0.37098
7 5	422061	1.20589	50330	11.9248	1.0066	105483	0.30138	17165	16.2728	0.3433
7 4	422693	1.20769	44694.8	10.5738	0.893896	105663	0.301894	15860	15.01	0.3172
7 3	422194	1.20627	39517.1	9.35994	0.790343	105536	0.301531	14521	13.7593	0.29042
7 2	423298	1.20942	34478.6	8.14523	0.689572	105894	0.302554	13297	12.5569	0.26594
6 6	158203	0.452009	27123.5	17.1447	0.542469	0	0	0	-1.#IND	0
6 5	422209	1.20631	52907	12.531	1.05814	105861	0.30246	17936	16.943	0.35872
6 4	421752	1.20501	47486.5	11.2593	0.94973	105638	0.301823	16522	15.6402	0.33044
6 3	421905	1.20544	41795.7	9.90641	0.835913	105551	0.301574	15043	14.2519	0.30086
6 2	422564	1.20733	36663.5	8.67643	0.733269	105542	0.301549	13628	12.9124	0.27256
5 5	157787	0.45082	25435.6	16.1202	0.508713	0	0	0	-1.#IND	0
5 4	422695	1.2077	50565.9	11.9627	1.01132	105931	0.30266	17383	16.4097	0.34766
5 3	422318	1.20662	45936.7	10.8773	0.918735	105534	0.301526	16097	15.2529	0.32194
5 2	422959	1.20845	40840.8	9.65597	0.816816	106175	0.303357	14558	13.7113	0.29116
4 4	158652	0.453291	24256.8	15.2893	0.485137	0	0	0	-1.#IND	0
4 3	422030	1.2058	43348.2	10.2714	0.866964	105622	0.301777	15338	14.5216	0.30676
4 2	420975	1.20279	39322.1	9.34072	0.786442	105196	0.30056	14297	13.5908	0.28594
3 3	158197	0.451991	23156.9	14.638	0.463138	0	0	0	-1.#IND	0
3 2	421867	1.20533	36834.8	8.73137	0.736695	104956	0.299874	13360	12.7291	0.2672
2 2	158879	0.45394	22324.3	14.0512	0.446487	0	0	0	-1.#IND	0
