Num Players: 6
Num Rounds: 5000000
Num Hands: 30000000

Hand type	# Hands		% of hands	# rounds won	% of rounds won
High		5225039		17.4168		2617		0.05234
Pair		13145585	43.8186		807221		16.1444
TwoPair		7044991		23.4833		1524446		30.4889
Set		1449650		4.83217		694968		13.8994
Straight	1387296		4.62432		829775		16.5955
Flush		910549		3.03516		542743		10.8549
FullHouse	779571		2.59857		546961		10.9392
Quads		50299		0.167663	44504		0.89008
StraighFlush	6290		0.0209667	6047		0.12094
RoyalFlush	730		0.00243333	718		0.01436

Straight when connector		7.49269
Flush when Suited 		6.51098
Set when pair up		39.0846
Straight when three up		28.8715
Straight when four up		34.5207
Flush when three up		49.0884
Flush when four up		225.451
Full House when pair up		16.9289
Full House when set up		200.045
Full House when two pair up	99.4457
Quad when pair up		0.650879
Quad when set up		25.612

Starting Hand	# Hands	% hands	# rounds won	% rounds won	% all rounds won	# Hands Suited	% hands Suited	# rounds won Suited	% rounds won Suited	% all rounds won
A A	135591	0.45197	66824.8	49.2841	1.3365	0	0	0	-1.#IND	0
A K	362834	1.20945	103643	28.5649	2.07287	90784	0.302613	29477	32.4694	0.58954
A Q	362937	1.20979	96649.3	26.6298	1.93299	90642	0.30214	27729	30.5918	0.55458
A J	362225	1.20742	91004.4	25.1237	1.82009	89813	0.299377	26513	29.5202	0.53026
A 10	362256	1.20752	86679.3	23.9276	1.73359	90913	0.303043	25824	28.4052	0.51648
A 9	362482	1.20827	76509.7	21.1072	1.53019	90521	0.301737	23440	25.8945	0.4688
A 8	361640	1.20547	73502.2	20.3247	1.47004	90722	0.302407	22950	25.2971	0.459
A 7	361761	1.20587	70225	19.412	1.4045	90433	0.301443	22239	24.5917	0.44478
A 6	363106	1.21035	66715.2	18.3735	1.3343	90444	0.30148	21075	23.3017	0.4215
A 5	361835	1.20612	69226	19.1319	1.38452	90494	0.301647	22149	24.4757	0.44298
A 4	362485	1.20828	66791.2	18.4259	1.33582	90819	0.30273	21596	23.7792	0.43192
A 3	362509	1.20836	65251.3	17.9999	1.30503	90919	0.303063	21099	23.2064	0.42198
A 2	362458	1.20819	62783.7	17.3216	1.25567	90557	0.301857	20398	22.525	0.40796
K K	135250	0.450833	58174.3	43.0124	1.16349	0	0	0	-1.#IND	0
K Q	361509	1.20503	93402	25.8367	1.86804	90383	0.301277	26940	29.8065	0.5388
K J	361625	1.20542	87914.1	24.3108	1.75828	90641	0.302137	25798	28.4617	0.51596
K 10	361745	1.20582	83682.4	23.133	1.67365	90731	0.302437	24776	27.3071	0.49552
K 9	361664	1.20555	73551	20.3368	1.47102	90813	0.30271	22455	24.7266	0.4491
K 8	361643	1.20548	66265.8	18.3236	1.32532	90736	0.302453	21006	23.1507	0.42012
K 7	361023	1.20341	63873	17.6922	1.27746	90385	0.301283	20432	22.6055	0.40864
K 6	361392	1.20464	61532.7	17.0266	1.23065	90715	0.302383	20044	22.0956	0.40088
K 5	362943	1.20981	59543	16.4056	1.19086	90685	0.302283	19394	21.3861	0.38788
K 4	362808	1.20936	57473.2	15.8412	1.14946	90443	0.301477	18839	20.8297	0.37678
K 3	362147	1.20716	56007.5	15.4654	1.12015	90785	0.302617	18556	20.4395	0.37112
K 2	361579	1.20526	54418.3	15.0502	1.08837	90947	0.303157	18196	20.0073	0.36392
Q Q	135199	0.450663	51043.9	37.7546	1.02088	0	0	0	-1.#IND	0
Q J	362335	1.20778	85627.5	23.6321	1.71255	91070	0.303567	25311	27.7929	0.50622
Q 10	362390	1.20797	81605.8	22.5188	1.63212	90366	0.30122	24119	26.6903	0.48238
Q 9	361682	1.20561	71581	19.7911	1.43162	90616	0.302053	21768	24.0222	0.43536
Q 8	362675	1.20892	64698.1	17.8391	1.29396	90328	0.301093	20459	22.6497	0.40918
Q 7	360835	1.20278	57836.2	16.0284	1.15672	90646	0.302153	18727	20.6595	0.37454
Q 6	362069	1.2069	56448.4	15.5905	1.12897	90577	0.301923	18564	20.4953	0.37128
Q 5	363490	1.21163	54592.6	15.019	1.09185	90373	0.301243	18314	20.2649	0.36628
Q 4	361938	1.20646	52040.6	14.3783	1.04081	90398	0.301327	17627	19.4993	0.35254
Q 3	361167	1.20389	50448	13.9681	1.00896	89870	0.299567	16851	18.7504	0.33702
Q 2	361470	1.2049	48818.4	13.5055	0.976368	90167	0.300557	16496	18.2949	0.32992
J J	135719	0.452397	45706.4	33.6772	0.914128	0	0	0	-1.#IND	0
J 10	362489	1.2083	80971.2	22.3376	1.61942	90668	0.302227	24137	26.6213	0.48274
J 9	362785	1.20928	70979.1	19.565	1.41958	90513	0.30171	21719	23.9954	0.43438
J 8	361760	1.20587	63593.1	17.5788	1.27186	90533	0.301777	19980	22.0693	0.3996
J 7	361946	1.20649	57099.4	15.7757	1.14199	90899	0.302997	18555	20.4128	0.3711
J 6	362036	1.20679	51434	14.2069	1.02868	90890	0.302967	17394	19.1374	0.34788
J 5	362419	1.20806	50512.8	13.9377	1.01026	90862	0.302873	17159	18.8847	0.34318
J 4	363000	1.21	48631.2	13.397	0.972625	91149	0.30383	16803	18.4347	0.33606
J 3	362479	1.20826	47255.4	13.0367	0.945108	90521	0.301737	16373	18.0875	0.32746
J 2	362045	1.20682	45849.9	12.6642	0.916999	90501	0.30167	15943	17.6164	0.31886
10 10	135578	0.451927	40567.7	29.922	0.811353	0	0	0	-1.#IND	0
10 9	362205	1.20735	71575	19.7609	1.4315	90634	0.302113	21596	23.8277	0.43192
10 8	361596	1.20532	64125.8	17.7341	1.28252	90857	0.302857	20187	22.2184	0.40374
10 7	361343	1.20448	57533.1	15.922	1.15066	90608	0.302027	18659	20.5931	0.37318
10 6	362304	1.20768	51998.9	14.3523	1.03998	90631	0.302103	17271	19.0564	0.34542
10 5	361695	1.20565	46894.2	12.9651	0.937884	90258	0.30086	16066	17.8001	0.32132
10 4	361293	1.20431	45738.4	12.6596	0.914768	90152	0.300507	15848	17.5792	0.31696
10 3	361285	1.20428	43541	12.0517	0.870821	90292	0.300973	15170	16.801	0.3034
10 2	361216	1.20405	42210.1	11.6855	0.844201	90171	0.30057	14874	16.4953	0.29748
9 9	135566	0.451887	36191.6	26.6967	0.723833	0	0	0	-1.#IND	0
9 8	361604	1.20535	63041.2	17.4338	1.26082	90189	0.30063	19552	21.6789	0.39104
9 7	361878	1.20626	57516.6	15.8939	1.15033	90454	0.301513	18352	20.2888	0.36704
9 6	362055	1.20685	52013.1	14.3661	1.04026	90682	0.302273	17112	18.8703	0.34224
9 5	360985	1.20328	46607.5	12.9112	0.93215	89900	0.299667	15919	17.7075	0.31838
9 4	361797	1.20599	41508.9	11.473	0.830178	90505	0.301683	14487	16.0069	0.28974
9 3	361686	1.20562	40123.2	11.0934	0.802465	90493	0.301643	14236	15.7316	0.28472
9 2	362109	1.20703	39507.5	10.9104	0.79015	90197	0.300657	14082	15.6125	0.28164
8 8	136524	0.45508	32850.5	24.0621	0.657011	0	0	0	-1.#IND	0
8 7	362168	1.20723	58242	16.0815	1.16484	90847	0.302823	18718	20.6039	0.37436
8 6	361828	1.20609	53855.3	14.8842	1.07711	90589	0.301963	17649	19.4825	0.35298
8 5	361911	1.20637	48031.1	13.2715	0.960623	90260	0.300867	16022	17.7509	0.32044
8 4	362026	1.20675	42852	11.8367	0.857039	90246	0.30082	15023	16.6467	0.30046
8 3	361578	1.20526	37960.1	10.4984	0.759201	90271	0.300903	13695	15.171	0.2739
8 2	362150	1.20717	37019	10.222	0.74038	90686	0.302287	13449	14.8303	0.26898
7 7	135939	0.45313	29344.4	21.5865	0.586889	0	0	0	-1.#IND	0
7 6	361020	1.2034	53961.9	14.9471	1.07924	90424	0.301413	17432	19.2781	0.34864
7 5	361839	1.20613	49835.6	13.7729	0.996712	90433	0.301443	16505	18.2511	0.3301
7 4	361477	1.20492	44642.6	12.35	0.892851	90038	0.300127	15121	16.794	0.30242
7 3	362809	1.20936	40234.2	11.0896	0.804684	90193	0.300643	14119	15.6542	0.28238
7 2	361239	1.20413	34604.6	9.57942	0.692092	90158	0.300527	12439	13.7969	0.24878
6 6	136452	0.45484	27440.1	20.1097	0.548802	0	0	0	-1.#IND	0
6 5	362464	1.20821	51349.1	14.1667	1.02698	90576	0.30192	16743	18.485	0.33486
6 4	363171	1.21057	47383.2	13.0471	0.947663	90868	0.302893	15992	17.5992	0.31984
6 3	361732	1.20577	41302.8	11.4181	0.826056	90369	0.30123	14436	15.9745	0.28872
6 2	362205	1.20735	36845.5	10.1725	0.736909	90557	0.301857	13201	14.5776	0.26402
5 5	135413	0.451377	25141.9	18.5668	0.502838	0	0	0	-1.#IND	0
5 4	361749	1.20583	49422	13.662	0.98844	90331	0.301103	16313	18.0591	0.32626
5 3	362987	1.20996	45152.7	12.4392	0.903054	90632	0.302107	15361	16.9488	0.30722
5 2	361897	1.20632	39670.7	10.9619	0.793413	90809	0.302697	13882	15.287	0.27764
4 4	135203	0.450677	23257.8	17.2021	0.465156	0	0	0	-1.#IND	0
4 3	361792	1.20597	42968.9	11.8767	0.859377	89868	0.29956	14661	16.3139	0.29322
4 2	360954	1.20318	38031.9	10.5365	0.760638	90500	0.301667	13318	14.716	0.26636
3 3	135838	0.452793	22105.4	16.2734	0.442108	0	0	0	-1.#IND	0
3 2	362650	1.20883	36344.7	10.022	0.726894	90864	0.30288	12776	14.0606	0.25552
2 2	135415	0.451383	21035.3	15.534	0.420707	0	0	0	-1.#IND	0
